"PointID","x","y","Density_0","Density_1","Density_2","Density_3","Density_4","Momentum_x","Momentum_y","Energy","Energy_ve","MassFrac_0","MassFrac_1","MassFrac_2","MassFrac_3","MassFrac_4","Pressure","Temperature_tr","Temperature_ve","Velocity_x","Velocity_y","Mach","Pressure_Coefficient","Metric_xx","Metric_xy","Metric_yy"
0, -5.000000000000000e-02, 0.000000000000000e+00, 2.911691757196042e-45, 6.580919100994370e-27, 6.334918727335907e-45, 8.298979461242121e-04, 2.354395970390897e-04, 6.309268348626786e+00, -4.056850725355883e-16, 1.917373437250021e+04, 4.443698308129942e+01, 2.733116631326414e-42, 6.177308913242349e-24, 5.946395832935412e-42, 7.789999999999999e-01, 2.210000000000000e-01, 3.069999999998385e+02, 9.983999999994743e+02, 9.984000000028350e+02, 5.922318601382153e+03, -3.808042578983835e-13, 9.324000000002473e+00, -8.646960863169041e-15, 4.000000000000001e+00, -6.948246425887792e-17, 4.000000000000001e+00
1, 0.000000000000000e+00, 0.000000000000000e+00, 4.197959773366478e-42, 1.738925041619864e-25, 9.076735333020453e-42, 1.090457874667697e-03, 3.093596794628510e-04, 8.255996302184293e+00, 2.764899887473384e-02, 2.513601923401418e+04, 5.838876165621527e+01, 2.998933511713180e-39, 1.242251203729147e-22, 6.484227395375235e-39, 7.790000000000000e-01, 2.210000000000000e-01, 4.610078462565752e+02, 1.141012259345785e+03, 9.984003582143213e+02, 5.897908822348098e+03, 1.975185894272282e+01, 8.685965862722933e+00, 8.243318428820902e-03, 1.042354372103223e+06, -7.203730815403037e+05, 9.173972961098566e+05
2, 1.931920337076797e-01, 5.173816881076040e-02, 1.999335371893199e-15, 1.055247480420402e-11, 6.194333432635317e-15, 5.763365647993019e-03, 1.635049807425658e-03, 3.788171920456499e+01, 1.129182171554326e+01, 1.263429401661144e+05, 6.121333031157745e+02, 2.702383207711007e-13, 1.426315520225676e-09, 8.372513629599684e-13, 7.789999999993389e-01, 2.209999985732380e-01, 8.944290998372486e+03, 4.188520378911838e+03, 1.263127717159037e+03, 5.120247623124055e+03, 1.526248663307331e+03, 4.106841269627380e+00, 4.623137183761051e-01, 1.118677149955810e+07, -1.846515707269055e+06, 2.319089104290738e+06
3, 3.346696875411197e-01, 1.931032050318336e-01, 8.769595046859290e-05, 1.448015122155280e-03, 2.503625350804346e-04, 5.491857406077895e-03, 3.454826399702763e-05, 2.314675342201547e+01, 2.137638734150223e+01, 1.224879991776099e+05, 6.242827543436871e+03, 1.199264259593578e-02, 1.980197231540103e-01, 3.423770865802284e-02, 7.510253632808583e-01, 4.724562311172770e-03, 1.122780510339333e+04, 4.468064240759148e+03, 5.079936632305195e+03, 3.165376959405899e+03, 2.923274928991545e+03, 2.879012852076068e+00, 5.845395293457015e-01, 5.854563710147124e+05, -3.382742156182637e+05, 3.684095658206614e+05
4, 4.846696875411197e-01, 1.931032050318336e-01, 3.912026759394874e-06, 8.190295829293828e-05, 1.021362744383184e-05, 3.038661392744181e-04, 1.319416553689700e-06, 1.891227634693476e+00, 6.082699475542013e-03, 6.930134169858899e+03, 2.806061342200277e+02, 9.750470118575329e-03, 2.041377517524305e-01, 2.545679651965055e-02, 7.573664223862224e-01, 3.288559223121228e-03, 4.064575890317749e+02, 2.940097539202204e+03, 4.445207795831876e+03, 4.713760838986453e+03, 1.516072949504067e+01, 3.876309220032730e+00, 5.323498746848572e-03, 7.262833943011159e+03, -7.099905867027681e+03, 7.620798335940084e+04
6, -3.640905996670419e-02, 0.000000000000000e+00, 2.998996626050839e-44, 2.470482069944936e-26, 6.670111284023954e-44, 8.298979461242136e-04, 2.354395970390901e-04, 6.309268348626778e+00, -1.280815504020635e-15, 1.917373437250013e+04, 4.443698308125274e+01, 2.815067060479186e-41, 2.318966496392627e-23, 6.261030906897744e-41, 7.789999999999999e-01, 2.210000000000000e-01, 3.069999999998390e+02, 9.983999999994743e+02, 9.984000000028350e+02, 5.922318601382135e+03, -1.202262618303597e-12, 9.324000000002444e+00, -8.616535244368306e-15, 4.000000000000000e+00, -1.056878122486942e-17, 4.000000000000000e+00
7, -2.648758523368654e-02, 0.000000000000000e+00, 5.805909223084321e-44, 3.666671122612862e-26, 1.301990886213827e-43, 8.298979461242113e-04, 2.354395970390895e-04, 6.309268348626753e+00, -1.063652173224642e-16, 1.917373437250003e+04, 4.443698308133192e+01, 5.449830676054903e-41, 3.441792834715499e-23, 1.222139306522356e-40, 7.790000000000000e-01, 2.210000000000000e-01, 3.069999999998382e+02, 9.983999999994743e+02, 9.984000000028350e+02, 5.922318601382129e+03, -9.984179944192579e-14, 9.324000000002433e+00, -8.662173672569409e-15, 4.000000000000000e+00, 1.087827887848835e-16, 4.000000000000000e+00
8, -1.924472747190228e-02, 0.000000000000000e+00, 8.498097163488853e-44, 4.578214696521656e-26, 1.917138495306224e-43, 8.298979461242110e-04, 2.354395970390894e-04, 6.309268348626761e+00, 6.206158755894975e-16, 1.917373437250009e+04, 4.443698308133853e+01, 7.976905740367982e-41, 4.297431106133358e-23, 1.799559686607567e-40, 7.790000000000000e-01, 2.210000000000000e-01, 3.069999999998381e+02, 9.983999999994743e+02, 9.984000000028350e+02, 5.922318601382139e+03, 5.825532757877907e-13, 9.324000000002449e+00, -8.668258796329557e-15, 3.999999999999999e+00, 9.778628347840494e-17, 3.999999999999999e+00
9, -1.395714581734536e-02, 0.000000000000000e+00, 1.110522487042908e-43, 5.335304279732652e-26, 2.517686310973678e-43, 8.298979461242135e-04, 2.354395970390901e-04, 6.309268348626782e+00, 1.982974132840073e-16, 1.917373437250016e+04, 4.443698308116999e+01, 1.042413734660506e-40, 5.008088106883522e-23, 2.363275683965779e-40, 7.790000000000000e-01, 2.210000000000000e-01, 3.070000000000437e+02, 9.984000000001399e+02, 9.983999999991997e+02, 5.922318601382141e+03, 1.861357600288857e-13, 9.323999999999343e+00, 2.336687523896490e-15, 4.000000000000001e+00, -7.578899235202565e-17, 4.000000000000001e+00
10, -1.009678458521239e-02, 0.000000000000000e+00, 1.282471675025430e-43, 5.790710238747466e-26, 2.915923081528188e-43, 8.298979461242160e-04, 2.354395970390908e-04, 6.309268348626798e+00, -8.402991106475497e-16, 1.917373437250020e+04, 4.443698308107372e+01, 1.203817215731821e-40, 5.435563851014871e-23, 2.737088446981730e-40, 7.789999999999999e-01, 2.209999999999999e-01, 3.070000000000367e+02, 9.984000000001146e+02, 9.983999999993229e+02, 5.922318601382138e+03, -7.887632572794248e-13, 9.323999999999458e+00, 1.965494974527516e-15, 4.000000000000001e+00, 3.898173802231405e-17, 4.000000000000001e+00
11, -7.278131510363134e-03, 0.000000000000000e+00, 1.421027921586500e-43, 6.139119605797361e-26, 3.237839042193766e-43, 8.298979461242162e-04, 2.354395970390908e-04, 6.309268348626795e+00, -1.973918908782032e-15, 1.917373437250018e+04, 4.443698308137871e+01, 1.333875756755030e-40, 5.762605143500783e-23, 3.039261183436425e-40, 7.790000000000000e-01, 2.210000000000000e-01, 3.070000000000368e+02, 9.984000000001146e+02, 9.983999999993229e+02, 5.922318601382134e+03, -1.852857736451185e-12, 9.323999999999451e+00, 1.971580098287663e-15, 4.000000000000000e+00, -1.236522476104527e-17, 4.000000000000000e+00
12, -5.219729353472306e-03, 0.000000000000000e+00, 1.533135026002467e-43, 6.409007134169165e-26, 3.499042774299993e-43, 8.298979461242128e-04, 2.354395970390899e-04, 6.309268348626769e+00, -1.790073340702353e-15, 1.917373437250010e+04, 4.443698308095920e+01, 1.439107291244177e-40, 6.015940370541082e-23, 3.284445194628454e-40, 7.790000000000000e-01, 2.210000000000000e-01, 3.070000000000356e+02, 9.984000000001146e+02, 9.983999999993229e+02, 5.922318601382133e+03, -1.680287484647444e-12, 9.323999999999451e+00, 1.904643736926045e-15, 4.000000000000000e+00, 2.207981334490562e-17, 4.000000000000000e+00
13, -3.716075109627959e-03, 0.000000000000000e+00, 1.612057984734069e-43, 6.593367264987998e-26, 3.683303889669658e-43, 8.298979461242105e-04, 2.354395970390892e-04, 6.309268348626752e+00, -5.875879042775588e-16, 1.917373437250006e+04, 4.443698308120132e+01, 1.513189875902989e-40, 6.188993626762047e-23, 3.457405508054140e-40, 7.790000000000000e-01, 2.210000000000000e-01, 3.070000000000334e+02, 9.984000000001103e+02, 9.983999999993537e+02, 5.922318601382134e+03, -5.515509220982094e-13, 9.323999999999470e+00, 1.789026385483250e-15, 4.000000000000000e+00, -6.311992053000847e-17, 3.999999999999999e+00
14, -2.617116624604489e-03, 0.000000000000000e+00, 1.673210280869193e-43, 6.733541278759828e-26, 3.826258414363354e-43, 8.298979461242111e-04, 2.354395970390894e-04, 6.309268348626760e+00, 4.487868160192631e-16, 1.917373437250008e+04, 4.443698308098961e+01, 1.570591679235240e-40, 6.320570716738249e-23, 3.591592579195198e-40, 7.790000000000000e-01, 2.209999999999999e-01, 3.070000000000311e+02, 9.984000000001020e+02, 9.983999999993752e+02, 5.922318601382137e+03, 4.212625556090730e-13, 9.323999999999515e+00, 1.664281348400234e-15, 4.000000000000000e+00, -1.418324407785022e-17, 4.000000000000000e+00
15, -1.739648995067414e-03, 0.000000000000000e+00, 1.730342993873055e-43, 6.862172383401479e-26, 3.959985660463248e-43, 8.298979461242147e-04, 2.354395970390904e-04, 6.309268348626787e+00, -2.937140261669290e-17, 1.917373437250016e+04, 4.443698308115412e+01, 1.624220421947349e-40, 6.441312828444627e-23, 3.717118284130744e-40, 7.790000000000000e-01, 2.210000000000000e-01, 3.070000000000369e+02, 9.984000000001168e+02, 9.983999999993874e+02, 5.922318601382137e+03, -2.757004369664889e-14, 9.323999999999446e+00, 1.977665222047810e-15, 2.787069964045187e+05, -9.851424624299860e+04, 1.363065266639656e+05
16, -8.698244975333391e-04, 0.000000000000000e+00, 1.788195347796456e-43, 6.990090935237048e-26, 4.095574839570663e-43, 8.298979461242167e-04, 2.354395970390910e-04, 6.309268348626791e+00, -4.185545957288358e-15, 1.917373437250014e+04, 4.443698308117848e+01, 1.678524669736848e-40, 6.561386088470482e-23, 3.844391729037981e-40, 7.790000000000000e-01, 2.210000000000000e-01, 3.070000000000402e+02, 9.984000000001250e+02, 9.983999999993697e+02, 5.922318601382126e+03, -3.928844885030723e-12, 9.323999999999391e+00, 2.154133811092076e-15, 7.123217404826736e+05, -3.863495032520345e+05, 4.286560472672504e+05
17, 8.914882248994977e-04, 2.387467401603415e-04, 8.084330354418684e-35, 2.186595261489665e-22, 1.765352302476987e-34, 1.645462011009271e-03, 4.668127142914620e-04, 1.232637899275521e+01, 1.367723505857509e-01, 3.770987294292991e+04, 8.810929159867192e+01, 3.827310083099009e-32, 1.035185071003655e-19, 8.357588533970867e-32, 7.790000000000000e-01, 2.210000000000000e-01, 9.151272829579417e+02, 1.501013263321945e+03, 9.984101086095608e+02, 5.835594605716003e+03, 6.475121296841635e+01, 7.493459532842773e+00, 3.255020416508136e-02, 9.875580114989821e+05, -9.270751034802374e+05, 1.397087101121986e+06
18, 1.782976449799005e-03, 4.774934803206855e-04, 1.243644427354197e-32, 2.367591970559111e-21, 2.735737868612592e-32, 1.827533454897213e-03, 5.184658453559487e-04, 1.363080298385439e+01, 2.456114903322797e-01, 4.178577901663948e+04, 9.786458282281443e+01, 5.301128722502147e-30, 1.009204039533865e-18, 1.166129021571905e-29, 7.790000000000000e-01, 2.210000000000000e-01, 1.113102656676155e+03, 1.643844640412385e+03, 9.984291816731666e+02, 5.810233183949998e+03, 1.046937611216573e+02, 7.130113659169098e+00, 4.314689833548881e-02, 7.516058419520298e+05, -9.659425234577984e+05, 1.822290230652166e+06
19, 2.674464674698533e-03, 7.162402204810351e-04, 1.572902397475507e-30, 2.411469381049576e-20, 3.486890662381954e-30, 2.052856710364905e-03, 5.823893876644980e-04, 1.523179645247546e+01, 4.018203940058999e-01, 4.681053634657699e+04, 1.099454221432370e+02, 5.968711607814160e-28, 9.150831806004137e-18, 1.323174585094499e-27, 7.790000000000000e-01, 2.209999999999999e-01, 1.377504684480079e+03, 1.811028706916995e+03, 9.984713623527024e+02, 5.780028083094617e+03, 1.524792672329066e+02, 6.758979517831131e+00, 5.729910006670837e-02, 9.204072231312407e+05, -1.360775340324808e+06, 2.430116038653461e+06
20, 3.565952899598004e-03, 9.549869606413694e-04, 4.416995903533964e-28, 3.801652045329393e-19, 9.924230049414876e-28, 2.369571734287963e-03, 6.722405048493449e-04, 1.745040581923676e+01, 6.690294980583845e-01, 5.382729138402378e+04, 1.269551129760745e+02, 1.452093540391130e-25, 1.249798392029478e-16, 3.262604417762977e-25, 7.790000000000000e-01, 2.209999999999999e-01, 1.795207439873463e+03, 2.044728570790543e+03, 9.985884556726323e+02, 5.736845159182439e+03, 2.199443770560042e+02, 6.315925861476722e+00, 7.965677147759954e-02, 1.060895570182857e+06, -1.687698942278803e+06, 3.093273454304227e+06
21, 4.457441124497438e-03, 1.193733700801694e-03, 2.488815880380767e-26, 2.931999760546760e-18, 5.659789146784600e-26, 2.595084534134827e-03, 7.362178203386323e-04, 1.898369460455054e+01, 9.583318674331995e-01, 5.875819896563583e+04, 1.391357819173454e+02, 7.470999673862218e-24, 8.801361895624708e-16, 1.698971916849371e-23, 7.789999999999999e-01, 2.209999999999991e-01, 2.157908514521337e+03, 2.244256056294279e+03, 9.988106582725228e+02, 5.698580490317296e+03, 2.876748386847255e+02, 5.991643226935738e+00, 9.907046062053382e-02, 9.337551484589373e+05, -1.666961924485978e+06, 3.505076250274587e+06
22, 5.348929349396780e-03, 1.432480440961994e-03, 5.753465583059875e-25, 1.486842073812569e-17, 1.325284246343253e-24, 2.770657797314999e-03, 7.860274367222119e-04, 2.014228078918958e+01, 1.271052382325013e+00, 6.255229275379117e+04, 1.487269789292355e+02, 1.617648232685765e-22, 4.180415122439274e-15, 3.726178053824883e-22, 7.790000000000000e-01, 2.209999999999958e-01, 2.485160150703212e+03, 2.420819328278908e+03, 9.991869113811863e+02, 5.663217142869260e+03, 3.573699382113242e+02, 5.737303024613349e+00, 1.165867074155550e-01, 7.647314462543143e+05, -1.468300553003234e+06, 3.562452196590335e+06
23, 6.240417574296114e-03, 1.671227181122291e-03, 6.998760701250379e-24, 5.532325235151993e-17, 1.629637350917700e-23, 2.914065497864964e-03, 8.267117779565004e-04, 2.105900962618534e+01, 1.602140953906332e+00, 6.561683294310835e+04, 1.567008100587596e+02, 1.870937557947330e-21, 1.478923984838693e-14, 4.356413736393359e-21, 7.790000000000000e-01, 2.209999999999852e-01, 2.786922209068272e+03, 2.581168902616530e+03, 9.997414299405873e+02, 5.629581253687585e+03, 4.282909234564045e+02, 5.528201695501822e+00, 1.327386165377398e-01, 6.671731853962620e+05, -1.446752310085991e+06, 3.895539535086185e+06
24, 7.131905799195436e-03, 1.909973921282586e-03, 3.873353673991131e-23, 1.377882933976632e-16, 9.135423487347044e-23, 2.962983789289889e-03, 8.405897528022569e-04, 2.131526005125176e+01, 1.891061121998500e+00, 6.659698803400528e+04, 1.596757807642821e+02, 1.018345939976347e-20, 3.622601005944218e-14, 2.401800145639302e-20, 7.790000000000000e-01, 2.209999999999638e-01, 2.955057996171509e+03, 2.691705983990106e+03, 1.000421920094473e+03, 5.604008918288611e+03, 4.971801126154270e+02, 5.394488428763702e+00, 1.417381374456770e-01, 8.991302481329025e+05, -2.279145853347453e+06, 6.022155712569569e+06
25, 8.023394024094811e-03, 2.148720661442895e-03, 3.296866330981593e-22, 4.349129445164903e-16, 7.834953032152659e-22, 3.175827429427523e-03, 9.009728650874761e-04, 2.268404335213840e+01, 2.374616853408029e+00, 7.117565915157260e+04, 1.717451540016267e+02, 8.086896813211343e-20, 1.066799727967013e-13, 1.921838811357306e-19, 7.789999999999999e-01, 2.209999999998933e-01, 3.372604107194154e+03, 2.866152906248704e+03, 1.001524983638424e+03, 5.564178206780326e+03, 5.824707324032104e+02, 5.198532625305768e+00, 1.640874244173369e-01, 7.495538020627530e+05, -1.922530968303531e+06, 5.344799765249761e+06
26, 8.914882248994234e-03, 2.387467401603216e-03, 1.120563772863819e-21, 8.508806989395762e-16, 2.704409987929499e-21, 3.225226239666072e-03, 9.149871617015906e-04, 2.293356624838959e+01, 2.762402305736684e+00, 7.218170120584671e+04, 1.750461947812560e+02, 2.706536268138800e-19, 2.055161452929756e-13, 6.532054572442034e-19, 7.790000000000000e-01, 2.209999999997944e-01, 3.526132461629881e+03, 2.950729000268693e+03, 1.002664514818948e+03, 5.539223229606735e+03, 6.672125414655183e+02, 5.109458687654240e+00, 1.723050778955767e-01, 6.100333812119768e+05, -1.746595951045617e+06, 5.467925160660713e+06
27, 9.806370473893577e-03, 2.626214141763516e-03, 2.960715534224728e-21, 1.451530090722237e-15, 7.247776443862974e-21, 3.245506379525211e-03, 9.207405775018495e-04, 2.299442874563539e+01, 3.034599831832093e+00, 7.255491593850116e+04, 1.768352051735396e+02, 7.106433115372489e-19, 3.484023164477774e-13, 1.739641581168366e-18, 7.790000000000000e-01, 2.209999999996516e-01, 3.628966644963336e+03, 3.017806544110917e+03, 1.003900487458347e+03, 5.519218851595798e+03, 7.283773293161810e+02, 5.041317631399773e+00, 1.778093099148543e-01, 6.653453742659081e+05, -2.000405645630007e+06, 6.293619803941431e+06
28, 1.069785869879290e-02, 2.864960881923812e-03, 9.168390159566971e-21, 2.738919884608146e-15, 2.258646058501074e-20, 3.381332424232633e-03, 9.592740253572252e-04, 2.382567186243900e+01, 3.464522795895848e+00, 7.545157090254598e+04, 1.852160638656223e+02, 2.112237141523738e-18, 6.309993583650544e-13, 5.203526476612656e-18, 7.789999999999999e-01, 2.209999999993690e-01, 3.920644788826467e+03, 3.129395937937507e+03, 1.005586435357138e+03, 5.489019135718982e+03, 7.981656102964649e+02, 4.932542811674702e+00, 1.934214743404611e-01, 3.619179518521489e+05, -1.176990343017843e+06, 4.672306127230094e+06
29, 1.158934692369223e-02, 3.103707622084108e-03, 1.582557489793834e-20, 3.659533312834073e-15, 3.988438436808913e-20, 3.310821443557330e-03, 9.392702683226178e-04, 2.328395989813955e+01, 3.612652763866167e+00, 7.385998508512933e+04, 1.821504503456652e+02, 3.723584329648399e-18, 8.610480810571020e-13, 9.384358520210070e-18, 7.789999999999999e-01, 2.209999999991390e-01, 3.857080486526505e+03, 3.144226536604855e+03, 1.006982939016360e+03, 5.478460578400151e+03, 8.500176016825453e+02, 4.918469341640337e+00, 1.900191750596083e-01, 2.703202251261068e+05, -5.230161184810862e+05, 2.966768767038580e+06
30, 1.248083514859175e-02, 3.342454362244454e-03, 2.449891357748260e-20, 4.658525451477875e-15, 6.297158577617201e-20, 3.292696836089572e-03, 9.341283706959777e-04, 2.310909766769732e+01, 3.799303465966034e+00, 7.343332445875135e+04, 1.819081995239514e+02, 5.796055521322758e-18, 1.102133450892211e-12, 1.489808134838671e-17, 7.789999999999999e-01, 2.209999999988979e-01, 3.858290411002908e+03, 3.162525630238439e+03, 1.008310975822218e+03, 5.467247055916475e+03, 8.988551170421290e+02, 4.901239982545909e+00, 1.900839366479056e-01, 1.699882284023563e+05, -4.920537227094423e+05, 3.057664757934068e+06
31, 1.337232337349147e-02, 3.581201102404856e-03, 3.814850955312086e-20, 6.026799502105857e-15, 9.937421595030229e-20, 3.333252279502016e-03, 9.456338302506427e-04, 2.332678286588517e+01, 4.048319129228452e+00, 7.428690630309985e+04, 1.849997402647563e+02, 8.915523473765069e-18, 1.408497292872735e-12, 2.322431899359589e-17, 7.789999999999999e-01, 2.209999999985915e-01, 3.956692872877184e+03, 3.203723615491527e+03, 1.009787039005646e+03, 5.451601717719176e+03, 9.461151863789063e+02, 4.862986565750874e+00, 1.953509593816576e-01, 1.222050298289965e+05, -3.568099891482427e+05, 3.008476164868576e+06
32, 1.426381159839122e-02, 3.819947842565264e-03, 5.590535061528177e-20, 7.494742429679313e-15, 1.477760361091781e-19, 3.332509150750272e-03, 9.454230068163949e-04, 2.327082976971862e+01, 4.224314468273455e+00, 7.424049678217665e+04, 1.858497109216434e+02, 1.306831164124477e-17, 1.751954484927894e-12, 3.454380075839628e-17, 7.790000000000000e-01, 2.209999999982481e-01, 3.985658449174533e+03, 3.227896605324055e+03, 1.011329982162677e+03, 5.439737918357862e+03, 9.874664470296065e+02, 4.840844518971556e+00, 1.969013509668731e-01, 1.646109363301284e+05, -2.322600881544337e+05, 2.388408009357941e+06
33, 1.515529982329097e-02, 4.058694582725674e-03, 7.222504499113023e-20, 8.627874000898107e-15, 1.947469359195025e-19, 3.297378604532117e-03, 9.354565745762217e-04, 2.299589591167331e+01, 4.325637381862936e+00, 7.345396043528232e+04, 1.846768840324983e+02, 1.706304213012080e-17, 2.038320330416932e-12, 4.600862723885451e-17, 7.790000000000000e-01, 2.209999999979617e-01, 3.947552630808867e+03, 3.231097028941671e+03, 1.012703133999846e+03, 5.432740690004992e+03, 1.021924360108283e+03, 4.837905252052872e+00, 1.948617250490112e-01, 1.848872624274845e+05, -5.730833670659773e+05, 2.805984366786353e+06
34, 1.604678804819070e-02, 4.297441322886079e-03, 1.140988698232040e-19, 1.142948822515883e-14, 3.080175391363000e-19, 3.389451843150740e-03, 9.615774805229907e-04, 2.355143965747145e+01, 4.628159256185192e+00, 7.542537213112476e+04, 1.909988745478802e+02, 2.622342010018137e-17, 2.626846976861668e-12, 7.079187847794613e-17, 7.789999999999999e-01, 2.209999999973731e-01, 4.137435962532090e+03, 3.294524213159534e+03, 1.014678120306474e+03, 5.412843239016430e+03, 1.063692959041083e+03, 4.781010013223023e+00, 2.050252901255090e-01, 2.981642021910248e+05, -6.861712053905977e+05, 2.438001160985077e+06
35, 1.693827627309051e-02, 4.536188063046503e-03, 1.699066612278769e-19, 1.457625893708049e-14, 4.645961730128232e-19, 3.429199479903823e-03, 9.728537677116686e-04, 2.376875982796313e+01, 4.856286681922620e+00, 7.627318445656258e+04, 1.946911070040441e+02, 3.859713903264334e-17, 3.311240940787779e-12, 1.055407890086172e-16, 7.789999999999999e-01, 2.209999999966887e-01, 4.222645772090056e+03, 3.323401323237716e+03, 1.017104134050091e+03, 5.399471221925702e+03, 1.103186719637500e+03, 4.755576308303437e+00, 2.095861719930165e-01, 1.768196742742248e+05, -3.506650141080795e+05, 2.244817645839619e+06
36, 1.782976449799041e-02, 4.774934803206952e-03, 1.978774036944881e-19, 1.558860014644076e-14, 5.528761734433560e-19, 3.323532698426912e-03, 9.428764137871680e-04, 2.302729136997613e+01, 4.833371503745822e+00, 7.394962849598344e+04, 1.894238379021606e+02, 4.638031620719921e-17, 3.653798718401386e-12, 1.295881756530417e-16, 7.789999999999998e-01, 2.209999999963461e-01, 4.065816630425962e+03, 3.301708430466677e+03, 1.018362412624179e+03, 5.397347222039338e+03, 1.132889832316116e+03, 4.774587769634000e+00, 2.011918428397991e-01, 1.832743054478735e+05, 9.095045157408529e+04, 1.465447277891160e+06
37, 1.872125272289031e-02, 5.013681543367401e-03, 2.445504850124379e-19, 1.770984844356652e-14, 6.950439293085605e-19, 3.325453915806503e-03, 9.434214574832360e-04, 2.300152694795741e+01, 4.967550036399381e+00, 7.397555690706123e+04, 1.905260287377748e+02, 5.728686448462994e-17, 4.148598142335843e-12, 1.628166363568615e-16, 7.789999999999999e-01, 2.209999999958513e-01, 4.084986204731103e+03, 3.315358883382144e+03, 1.020064632601101e+03, 5.388193595854785e+03, 1.163667149306027e+03, 4.762551083655566e+00, 2.022179003361098e-01, 3.741098465484967e+05, 7.536666753287829e+04, 7.305365153665174e+05
38, 1.961274094779022e-02, 5.252428283527852e-03, 3.035555408267765e-19, 2.025961445041402e-14, 8.769505898795626e-19, 3.328713434058816e-03, 9.443461731851293e-04, 2.299026284513893e+01, 5.078584054976044e+00, 7.403205981390302e+04, 1.918712943910984e+02, 7.103938833680946e-17, 4.741243116752374e-12, 2.052277923735830e-16, 7.789999999999999e-01, 2.209999999952586e-01, 4.104996090278004e+03, 3.328336484838883e+03, 1.022044409315331e+03, 5.380281334258821e+03, 1.188512335831320e+03, 4.751163483937522e+00, 2.032889357560361e-01, 5.059962720906866e+05, 2.775129762540267e+04, 6.046636815662605e+05
39, 2.050422917269014e-02, 5.491175023688308e-03, 3.482882311055189e-19, 2.190371205711065e-14, 1.027353815252439e-18, 3.281007607513433e-03, 9.308121710441661e-04, 2.264950214760606e+01, 5.084828557719548e+00, 7.298105275842495e+04, 1.900619577395674e+02, 8.269305179600634e-17, 5.200534022967618e-12, 2.439215990383446e-16, 7.789999999999997e-01, 2.209999999947993e-01, 4.036173244632199e+03, 3.320117459156616e+03, 1.023671083696037e+03, 5.377604773783773e+03, 1.207275910422378e+03, 4.758306478801943e+00, 1.996051712880181e-01, 5.153091077087173e+05, 6.000758947249787e+04, 6.516971063568721e+05
40, 2.139571739759007e-02, 5.729921763848764e-03, 3.761530104925624e-19, 2.273560738835209e-14, 1.140131398480681e-18, 3.207200778387289e-03, 9.098733915351471e-04, 2.214205890205657e+01, 5.033534329416291e+00, 7.136461764309011e+04, 1.865531781751410e+02, 9.136415691475666e-17, 5.522272966157143e-12, 2.769275828945934e-16, 7.789999999999997e-01, 2.209999999944776e-01, 3.920092645477330e+03, 3.298838610519783e+03, 1.025025018707546e+03, 5.378105418574820e+03, 1.222599866225709e+03, 4.776976027124981e+00, 1.933919206939689e-01, 3.659890489614648e+05, 1.434059487595805e+05, 5.997235387030320e+05
41, 2.228720562248999e-02, 5.968668504009221e-03, 4.282346951209430e-19, 2.467708089902934e-14, 1.319561417330816e-18, 3.216534606153872e-03, 9.125213709124286e-04, 2.217866382973041e+01, 5.127091319524907e+00, 7.155757718167099e+04, 1.879138643098070e+02, 1.037124944531861e-16, 5.976446198827012e-12, 3.195794449511143e-16, 7.789999999999998e-01, 2.209999999940234e-01, 3.946232118104537e+03, 3.311199023525638e+03, 1.026462275381692e+03, 5.371364290719986e+03, 1.241710296002591e+03, 4.766062962949929e+00, 1.947910441910181e-01, 1.486187183006304e+05, 1.650380483297792e+05, 3.677752417280096e+05
42, 2.317869384738967e-02, 6.207415244169609e-03, 5.274457640649831e-19, 2.848962947727845e-14, 1.648351111055889e-18, 3.251729339493763e-03, 9.225060128445799e-04, 2.238891278693060e+01, 5.253208880981713e+00, 7.231624926189697e+04, 1.914438318705983e+02, 1.263574570048897e-16, 6.825113361450626e-12, 3.948869605833932e-16, 7.789999999999997e-01, 2.209999999931747e-01, 4.013708909203427e+03, 3.331366157513441e+03, 1.029017917070812e+03, 5.363596179174674e+03, 1.258484114462566e+03, 4.748373483706970e+00, 1.984027606658819e-01, 6.577933847370130e+05, -1.920853848848414e+05, 7.830052604742908e+04
43, 2.407018207228917e-02, 6.446161984329951e-03, 6.010351212573088e-19, 3.093645020637803e-14, 1.900756068167906e-18, 3.247838263688049e-03, 9.214021261244656e-04, 2.234327365190131e+01, 5.312511086988101e+00, 7.222484521038753e+04, 1.921662969242041e+02, 1.441593827790478e-16, 7.420164661587104e-12, 4.558998499578662e-16, 7.789999999999997e-01, 2.209999999925796e-01, 4.013775207018666e+03, 3.335412396901842e+03, 1.030665369901189e+03, 5.359075410074941e+03, 1.274215586112456e+03, 4.744817627039918e+00, 1.984063092773030e-01, 7.305198204081098e+05, -4.006237051875817e+05, 4.503061898633623e+05
44, 2.496167029718797e-02, 6.684908724490106e-03, 6.377332549765161e-19, 3.194607442370071e-14, 2.079132799741995e-18, 3.165679658834595e-03, 8.980939725000754e-04, 2.178433605171814e+01, 5.271829390155954e+00, 7.044212082771867e+04, 1.882989182409033e+02, 1.569312941188732e-16, 7.861184534768848e-12, 5.116261357901466e-16, 7.789999999999996e-01, 2.209999999921385e-01, 3.867937210373229e+03, 3.297640713505396e+03, 1.032426607017415e+03, 5.360617501814984e+03, 1.297274373125718e+03, 4.777872839569794e+00, 1.906002846195279e-01, 6.175940267554504e+05, -2.908743178243162e+05, 5.683240926876646e+05
45, 2.585315852208661e-02, 6.923655464650219e-03, 6.939844192838075e-19, 3.375946980221368e-14, 2.309550341004878e-18, 3.161560995496343e-03, 8.969255198695666e-04, 2.174462427687569e+01, 5.299793221518352e+00, 7.034625429855633e+04, 1.888961812392908e+02, 1.709958667228602e-16, 8.318241214826141e-12, 5.690669002450629e-16, 7.789999999999996e-01, 2.209999999916814e-01, 3.867123675634967e+03, 3.301242163017753e+03, 1.033918147783402e+03, 5.357816071180001e+03, 1.305854584315759e+03, 4.774662190763722e+00, 1.905567399166871e-01, 5.204673398365754e+05, -2.952260657723589e+05, 5.918589109488624e+05
46, 2.674464674698497e-02, 7.162402204810255e-03, 7.286714736247899e-19, 3.472620727714881e-14, 2.488194603015495e-18, 3.113679499825159e-03, 8.833416809169545e-04, 2.142119487218467e+01, 5.250130814243403e+00, 6.930155802568365e+04, 1.868063959913886e+02, 1.823036307961642e-16, 8.688021830897472e-12, 6.225122386096289e-16, 7.789999999999995e-01, 2.209999999913116e-01, 3.787866451713761e+03, 3.283308099656792e+03, 1.035302008502228e+03, 5.359289806920998e+03, 1.313510881426706e+03, 4.790505511058174e+00, 1.863144720683438e-01, 4.143514017313845e+05, -3.591203371558269e+05, 6.480064748067590e+05
47, 2.763613497188353e-02, 7.401148944970346e-03, 7.928935579577961e-19, 3.685367097755730e-14, 2.749325518319532e-18, 3.132476339124952e-03, 8.886742887264499e-04, 2.153040481230368e+01, 5.336080388045660e+00, 6.970984101197816e+04, 1.887286017095904e+02, 1.971807652413635e-16, 9.164956597736633e-12, 6.837161232538467e-16, 7.789999999999996e-01, 2.209999999908346e-01, 3.820813902428953e+03, 3.291993527789359e+03, 1.036716879346405e+03, 5.354289556571661e+03, 1.327003358451148e+03, 4.782771886037740e+00, 1.880779947346548e-01, 2.173141079944395e+05, -3.092163691926700e+05, 6.092130947742834e+05
48, 2.852762319678226e-02, 7.639895685130482e-03, 9.218425545948550e-19, 4.110963464143808e-14, 3.233651543731988e-18, 3.166220892988144e-03, 8.982475190222780e-04, 2.173938526014758e+01, 5.438053411880732e+00, 7.044303611619557e+04, 1.921892785376570e+02, 2.268051959418614e-16, 1.011439393145340e-11, 7.955902755066083e-16, 7.789999999999994e-01, 2.209999999898851e-01, 3.879726663277841e+03, 3.307126488363047e+03, 1.039225829387173e+03, 5.348641705687324e+03, 1.337949483321456e+03, 4.769363630416685e+00, 1.912313187957504e-01, 4.954588317229406e+05, -3.100479443281955e+05, 2.793119274944101e+05
49, 2.941911142168101e-02, 7.878642425290624e-03, 9.777181692206966e-19, 4.272355399727867e-14, 3.498680643107040e-18, 3.131923068509906e-03, 8.885173274806247e-04, 2.150518792133797e+01, 5.415629502813320e+00, 6.969619140294478e+04, 1.909970713781080e+02, 2.431868335084276e-16, 1.062658559480986e-11, 8.702232338922349e-16, 7.789999999999995e-01, 2.209999999893729e-01, 3.821476230389781e+03, 3.293145834845750e+03, 1.040802422663823e+03, 5.348963248542604e+03, 1.347023949952502e+03, 4.781662127901177e+00, 1.881134460471569e-01, 5.174220873266220e+05, -2.848534951546604e+05, 4.891385419829727e+05
50, 3.031059964657972e-02, 8.117389165450753e-03, 1.000404222776346e-18, 4.328325902737510e-14, 3.663772326537049e-18, 3.093491384299587e-03, 8.776143721392685e-04, 2.124767095504060e+01, 5.376965321598858e+00, 6.886158149955598e+04, 1.892325659139682e+02, 2.519208210819766e-16, 1.089954830760240e-11, 9.226075937556118e-16, 7.789999999999994e-01, 2.209999999891000e-01, 3.753954208900980e+03, 3.275148124908983e+03, 1.041839892877120e+03, 5.350567891665301e+03, 1.354022192136760e+03, 4.797623700581858e+00, 1.844993086014415e-01, 5.216441557196701e+05, -3.688111174838477e+05, 6.927454157192843e+05
51, 3.120208876295687e-02, 8.356136144355005e-03, 1.017069382167864e-18, 4.374252022730245e-14, 3.819909903352092e-18, 3.056944892838356e-03, 8.672462404148912e-04, 2.100627744476372e+01, 5.328124304021260e+00, 6.806862227054764e+04, 1.875699228023093e+02, 2.591793691030922e-16, 1.114688829913114e-11, 9.734260573956067e-16, 7.789999999999992e-01, 2.209999999888525e-01, 3.689033868827306e+03, 3.256986206319607e+03, 1.042877041250633e+03, 5.353020974570837e+03, 1.357763707993682e+03, 4.813855367080545e+00, 1.810244269720791e-01, 4.460341986996948e+05, -5.018731204682131e+05, 9.711189877596219e+05
52, 3.211603615231537e-02, 8.600897604790440e-03, 1.069926718920196e-18, 4.546401317502280e-14, 4.099882000440263e-18, 3.057696817920416e-03, 8.674595593388887e-04, 2.100738652457265e+01, 5.354615775569178e+00, 6.808916998609637e+04, 1.883818911096473e+02, 2.725819345966711e-16, 1.158272659858736e-11, 1.044514308817287e-15, 7.789999999999992e-01, 2.209999999884167e-01, 3.686136579888289e+03, 3.253627934700811e+03, 1.044260897232838e+03, 5.351987158024381e+03, 1.364178967882535e+03, 4.816843989261825e+00, 1.808693486699981e-01, 3.555901507107726e+05, -5.671624972197101e+05, 1.211750704835420e+06
53, 3.306263821957166e-02, 8.854404214832268e-03, 1.164823396963757e-18, 4.854551050455374e-14, 4.543743792822586e-18, 3.070316645988215e-03, 8.710397672985587e-04, 2.108347075741123e+01, 5.410821623227714e+00, 6.836761977083757e+04, 1.903035354148478e+02, 2.955387117548295e-16, 1.231695523406692e-11, 1.152837580851385e-15, 7.789999999999992e-01, 2.209999999876824e-01, 3.703920229105528e+03, 3.255887153833501e+03, 1.046315461119118e+03, 5.349293123067144e+03, 1.372832359164614e+03, 4.814766424239253e+00, 1.818212240899032e-01, 4.034055305766995e+05, -6.833331267677798e+05, 1.319411571675597e+06
54, 3.404330350149454e-02, 9.117033190412857e-03, 1.249262222311509e-18, 5.125991457266947e-14, 4.982974473826985e-18, 3.058283694857190e-03, 8.676260545872992e-04, 2.100241012000923e+01, 5.408719485671925e+00, 6.810992374980262e+04, 1.907548073179375e+02, 3.182096130640712e-16, 1.305682449252770e-11, 1.269253444877840e-15, 7.789999999999991e-01, 2.209999999869425e-01, 3.679158960306849e+03, 3.246845845051197e+03, 1.048467893980150e+03, 5.349692545200965e+03, 1.377698375864759e+03, 4.822860943777774e+00, 1.804958693864222e-01, 7.126696168475149e+05, -1.305006424027178e+06, 2.422789865318165e+06
55, 3.505990866283369e-02, 9.389287115390117e-03, 1.301163319546059e-18, 5.295431650702739e-14, 5.311806910379701e-18, 3.050105553925710e-03, 8.653059401493310e-04, 2.094952577820394e+01, 5.409514732626794e+00, 6.793905147819764e+04, 1.910654392882157e+02, 3.323184093159639e-16, 1.352458524128147e-11, 1.356640781778849e-15, 7.789999999999991e-01, 2.209999999864747e-01, 3.658060409606415e+03, 3.236882172729343e+03, 1.049944230251551e+03, 5.350529774360178e+03, 1.381595457013783e+03, 4.831837768694527e+00, 1.793665628216089e-01, 5.921002504546578e+05, -1.187288113727990e+06, 2.423630066551141e+06
56, 3.611437659401692e-02, 9.671680953179728e-03, 1.372823442005071e-18, 5.530761405021861e-14, 5.727960015256766e-18, 3.049542407824257e-03, 8.651461772606859e-04, 2.094584965380920e+01, 5.420633941416654e+00, 6.793187026433896e+04, 1.920116369019882e+02, 3.506852236512921e-16, 1.412822829896622e-11, 1.463196852234810e-15, 7.789999999999991e-01, 2.209999999858709e-01, 3.652022528675740e+03, 3.232136230247641e+03, 1.051706529657028e+03, 5.350578774852595e+03, 1.384690971842002e+03, 4.836103331087256e+00, 1.790433833450000e-01, 2.685578377574945e+05, -4.954031908369766e+05, 1.205070295891348e+06
57, 3.720781251492448e-02, 9.964510689344029e-03, 1.431017833286068e-18, 5.721133697043725e-14, 6.101174442590854e-18, 3.045594373426127e-03, 8.640261315566170e-04, 2.092199219609556e+01, 5.420128707978741e+00, 6.785171975384909e+04, 1.925840628624237e+02, 3.660247411331400e-16, 1.463347578024135e-11, 1.560554134276132e-15, 7.789999999999990e-01, 2.209999999853656e-01, 3.639498259377757e+03, 3.225227403461777e+03, 1.053179668690279e+03, 5.351412539688863e+03, 1.386356732320069e+03, 4.842353093675588e+00, 1.783730178901155e-01, 3.021227846681724e+05, -7.863250718081082e+05, 2.122924278277784e+06
58, 3.834153283913298e-02, 1.026812886858450e-02, 1.486118902241049e-18, 5.904591849440422e-14, 6.488902419021881e-18, 3.035979454651003e-03, 8.612984074863582e-04, 2.086207114161086e+01, 5.406946011369832e+00, 6.764868375067506e+04, 1.928210745777751e+02, 3.813222856538915e-16, 1.515055394616573e-11, 1.664983264848580e-15, 7.789999999999988e-01, 2.209999999848485e-01, 3.616837019238805e+03, 3.215296276324043e+03, 1.054697861410170e+03, 5.352985309046833e+03, 1.387364771656954e+03, 4.851383167620980e+00, 1.771600678814118e-01, 2.101356380275873e+05, -3.408816866505282e+05, 1.032218658505593e+06
59, 3.951707266937012e-02, 1.058294660207660e-02, 1.571922725940072e-18, 6.193461534328718e-14, 7.024364321915090e-18, 3.040553711578122e-03, 8.625961106681848e-04, 2.089154569595521e+01, 5.429444170018241e+00, 6.775362452613283e+04, 1.942096758131935e+02, 4.027318441520818e-16, 1.586785497940742e-11, 1.799665562866098e-15, 7.789999999999988e-01, 2.209999999841311e-01, 3.619270752375694e+03, 3.212619419484412e+03, 1.056663628998571e+03, 5.352483672686777e+03, 1.391041701496195e+03, 4.853788443556165e+00, 1.772903342133278e-01, 2.078261491522855e+05, -4.416504511302192e+05, 1.219978507127217e+06
60, 4.073611831285641e-02, 1.090941549460945e-02, 1.665422001282154e-18, 6.500187592307127e-14, 7.588706931838034e-18, 3.044053321070703e-03, 8.635889395455540e-04, 2.091429438998802e+01, 5.446513355018824e+00, 6.783424342845110e+04, 1.955351188842621e+02, 4.261961280436661e-16, 1.663455137055936e-11, 1.942016803379284e-15, 7.789999999999988e-01, 2.209999999833643e-01, 3.620800460318296e+03, 3.210282290336472e+03, 1.058629272579537e+03, 5.352151756681476e+03, 1.393810638660988e+03, 4.855884990002182e+00, 1.773722123122720e-01, 2.178370053406817e+05, -3.505549570617998e+05, 9.266600922716546e+05
61, 4.199973579341539e-02, 1.124782103476910e-02, 1.750601624734951e-18, 6.783343988136256e-14, 8.170775502704100e-18, 3.035595417936927e-03, 8.611894573956562e-04, 2.085938087798776e+01, 5.444180954299884e+00, 6.765607758098230e+04, 1.961082992466477e+02, 4.492425629616165e-16, 1.740754033141029e-11, 2.096799223966523e-15, 7.789999999999987e-01, 2.209999999825913e-01, 3.600428445310242e+03, 3.201114305458573e+03, 1.060621669667450e+03, 5.352972141128084e+03, 1.397095587356602e+03, 4.864260276151191e+00, 1.762817937989949e-01, 2.115185737560889e+05, -3.049087875709432e+05, 8.142344382407038e+05
62, 4.330924441866192e-02, 1.159851654230057e-02, 1.815537142122793e-18, 7.019230402427748e-14, 8.699316497173585e-18, 3.031988248187996e-03, 8.601661139857058e-04, 2.083711752019879e+01, 5.446235897333254e+00, 6.758322385230583e+04, 1.968417233984396e+02, 4.664607241003924e-16, 1.803430632278680e-11, 2.235090309254398e-15, 7.789999999999985e-01, 2.209999999819645e-01, 3.588608731856139e+03, 3.194401363005508e+03, 1.062344568274237e+03, 5.353620535282618e+03, 1.399285688708757e+03, 4.870407954286036e+00, 1.756491399173396e-01, 2.227297811074676e+05, -5.454857714801630e+05, 1.454562745071021e+06
63, 4.466648738017173e-02, 1.196199563671325e-02, 1.926860408757856e-18, 7.391583993314267e-14, 9.422182695742977e-18, 3.040061493142695e-03, 8.624564697393486e-04, 2.089193718691932e+01, 5.466745363556126e+00, 6.776491690330068e+04, 1.985941515446150e+02, 4.937479922061272e-16, 1.894055085326371e-11, 2.414385477576668e-15, 7.789999999999985e-01, 2.209999999810581e-01, 3.596424211664554e+03, 3.192856727332075e+03, 1.064523306231618e+03, 5.353450614509070e+03, 1.400825163509389e+03, 4.871784096456880e+00, 1.760674659331937e-01, 2.064384477651451e+05, -3.459759679042157e+05, 8.779256708329511e+05
64, 4.607394334706959e-02, 1.233892212281907e-02, 2.032735608255693e-18, 7.764365563367233e-14, 1.021587227995926e-17, 3.034398992751592e-03, 8.608500350932151e-04, 2.085547620855864e+01, 5.471498434008542e+00, 6.764882973110217e+04, 1.996087812901577e+02, 5.218499751066894e-16, 1.993291188242301e-11, 2.622649336853287e-15, 7.789999999999984e-01, 2.209999999800657e-01, 3.579591828490765e+03, 3.183843478008967e+03, 1.066977002044216e+03, 5.354080331978657e+03, 1.404659469725040e+03, 4.880068912274479e+00, 1.751665073275763e-01, 2.420138416892874e+05, -3.147868258712420e+05, 6.748856735409966e+05
65, 4.753441116795683e-02, 1.273004555171822e-02, 2.082392691114545e-18, 7.977301810567303e-14, 1.077118161749604e-17, 3.029543853167253e-03, 8.594726463258239e-04, 2.082795448736950e+01, 5.461697800444385e+00, 6.754937575755632e+04, 2.001974288683195e+02, 5.354548357774407e-16, 2.051238870147108e-11, 2.769641532423185e-15, 7.789999999999981e-01, 2.209999999794861e-01, 3.565077952103217e+03, 3.176015941311382e+03, 1.068584919509824e+03, 5.355583986248725e+03, 1.404390493340476e+03, 4.887302499362869e+00, 1.743896475272010e-01, 2.570863806380918e+05, -3.390731568779164e+05, 6.420129301747315e+05
66, 4.904722907946974e-02, 1.313518869858435e-02, 2.121904904111646e-18, 8.168889562341896e-14, 1.131316575948603e-17, 3.020750378755968e-03, 8.569779635961875e-04, 2.077744915747187e+01, 5.439473525841851e+00, 6.736623250890950e+04, 2.004949101695728e+02, 5.472030830245915e-16, 2.106617287485046e-11, 2.917472489159804e-15, 7.789999999999980e-01, 2.209999999789322e-01, 3.541806255373147e+03, 3.164469022497716e+03, 1.070142283111790e+03, 5.358149752293089e+03, 1.402747445280750e+03, 4.898037699413290e+00, 1.731440226373800e-01, 1.947646940524020e+05, -3.146490464484350e+05, 7.609464493383026e+05
67, 5.061579951229327e-02, 1.355526275799297e-02, 2.216554214621835e-18, 8.540778284742398e-14, 1.213911813453311e-17, 3.029855224499320e-03, 8.595609814477711e-04, 2.084103445321280e+01, 5.458027376065552e+00, 6.757197381382313e+04, 2.023511304585243e+02, 5.698938085319702e-16, 2.195902375141952e-11, 3.121064316980333e-15, 7.789999999999980e-01, 2.209999999780393e-01, 3.549788917674030e+03, 3.162070428692496e+03, 1.072349901171196e+03, 5.358396568844495e+03, 1.403302471872285e+03, 4.900230657163899e+00, 1.735712971487468e-01, 1.777237582136902e+05, -4.424211842035319e+05, 1.197800072612187e+06
68, 5.224297969845960e-02, 1.399103291653265e-02, 2.331473168549350e-18, 8.953997366072830e-14, 1.299227551590183e-17, 3.046318856831909e-03, 8.642316653274670e-04, 2.095155728998119e+01, 5.489545357791152e+00, 6.793606466406051e+04, 2.046444788062157e+02, 5.962007536495234e-16, 2.289702515062622e-11, 3.322364828681478e-15, 7.789999999999979e-01, 2.209999999771012e-01, 3.572159619457017e+03, 3.164800835960346e+03, 1.074438419385376e+03, 5.357700193560495e+03, 1.403778144933453e+03, 4.897627278399752e+00, 1.747686960005308e-01, 1.210756480674135e+05, -1.303950247749737e+05, 5.860593891209213e+05
69, 5.392886588664213e-02, 1.444252495026680e-02, 2.531704951223982e-18, 9.642878137877847e-14, 1.443247861899025e-17, 3.047625398758567e-03, 8.646023274076012e-04, 2.096229021973062e+01, 5.497061510990217e+00, 6.797054084712014e+04, 2.068090960627769e+02, 6.471261716767551e-16, 2.464804917450389e-11, 3.689069151600162e-15, 7.789999999999977e-01, 2.209999999753500e-01, 3.568352745001691e+03, 3.160072756417299e+03, 1.078058219469170e+03, 5.358146735429455e+03, 1.405097528982958e+03, 4.901968104509957e+00, 1.745649318474920e-01, 1.209367468887709e+05, -4.095083403713302e+05, 1.486713081016422e+06
70, 5.567779462008837e-02, 1.491090021560484e-02, 2.689529952402420e-18, 1.020656548767926e-13, 1.567312099469249e-17, 3.061508400479725e-03, 8.685408940006493e-04, 2.105590531091124e+01, 5.529662472636113e+00, 6.828077712369147e+04, 2.092934269350287e+02, 6.843501826071026e-16, 2.597057879591722e-11, 3.988021477567154e-15, 7.789999999999975e-01, 2.209999999740273e-01, 3.584001199301126e+03, 3.159537959858442e+03, 1.080724347235019e+03, 5.357669518277197e+03, 1.407021148630046e+03, 4.902406570672950e+00, 1.754025202875913e-01, 1.119377713671092e+05, -3.305113223080501e+05, 1.124150611643904e+06
71, 5.749073580602473e-02, 1.539641846044035e-02, 2.919457377221301e-18, 1.098526931397707e-13, 1.736584527125359e-17, 3.069194334750862e-03, 8.707213708528378e-04, 2.110694099530775e+01, 5.556844030402229e+00, 6.845534455109625e+04, 2.118813875242832e+02, 7.409948829584278e-16, 2.788199071885342e-11, 4.407669241773383e-15, 7.789999999999971e-01, 2.209999999721157e-01, 3.589850707062670e+03, 3.156769606055906e+03, 1.084268405314698e+03, 5.357206237864166e+03, 1.410396679894401e+03, 4.904919025466809e+00, 1.757156170310516e-01, 1.414258827800421e+05, -3.585730916828603e+05, 1.037355252338443e+06
72, 5.936984105820705e-02, 1.589965590188528e-02, 3.043920395383660e-18, 1.146026948527689e-13, 1.855024422756766e-17, 3.071237118372003e-03, 8.713009025300796e-04, 2.112387201886418e+01, 5.563272259274044e+00, 6.850679494430248e+04, 2.133354439974680e+02, 7.720712848315639e-16, 2.906825355693463e-11, 4.705152906244870e-15, 7.789999999999969e-01, 2.209999999709292e-01, 3.586351902711177e+03, 3.151595271183421e+03, 1.086515658171535e+03, 5.357937426667284e+03, 1.411089057256417e+03, 4.909726657849522e+00, 1.755283424272535e-01, 1.841602408778930e+05, -3.625480380711567e+05, 8.344568955831162e+05
73, 6.131888829774556e-02, 1.642162429345971e-02, 3.107536637547262e-18, 1.178038635503546e-13, 1.952451120618962e-17, 3.062662706240041e-03, 8.688683671210199e-04, 2.107231912100173e+01, 5.548513787028870e+00, 6.832750963708651e+04, 2.137891239806310e+02, 7.904138564514770e-16, 2.996386429323416e-11, 4.966134272191571e-15, 7.789999999999970e-01, 2.209999999700336e-01, 3.564364455941966e+03, 3.141042557490790e+03, 1.088312434640793e+03, 5.359825148820587e+03, 1.411285751868462e+03, 4.919631948807979e+00, 1.743514574206714e-01, 1.434478301820775e+05, -2.425187697455272e+05, 6.156876189911669e+05
74, 6.333959785032550e-02, 1.696278435033394e-02, 3.334275358058628e-18, 1.259884586492804e-13, 2.143394956987730e-17, 3.075730817285033e-03, 8.725757516326590e-04, 2.116036318012664e+01, 5.576122365988275e+00, 6.861835081170396e+04, 2.166966890861375e+02, 8.444823875128325e-16, 3.190949244850440e-11, 5.428643697003671e-15, 7.789999999999966e-01, 2.209999999680876e-01, 3.580279553233336e+03, 3.141662302221996e+03, 1.091704832992060e+03, 5.359351613178243e+03, 1.412282017234248e+03, 4.918965502498127e+00, 1.752033180108121e-01, 8.418569230806267e+04, -2.147363636998706e+05, 6.796601872141457e+05
75, 6.543449253022506e-02, 1.752381169969871e-02, 3.529556421879409e-18, 1.331306191069376e-13, 2.317076418671819e-17, 3.078923375051178e-03, 8.734814708377345e-04, 2.118323593860188e+01, 5.586557369415261e+00, 6.869334223793936e+04, 2.186695158740523e+02, 8.930149008980594e-16, 3.368344698821224e-11, 5.862447064358447e-15, 7.789999999999963e-01, 2.209999999663134e-01, 3.580229112334311e+03, 3.138360474477643e+03, 1.094662957525808e+03, 5.359581511474442e+03, 1.413457777494099e+03, 4.922015963112977e+00, 1.752006181458208e-01, 1.137444595552619e+05, -1.933051594195685e+05, 5.559553152676055e+05
76, 6.760644752453709e-02, 1.810547633663256e-02, 3.756813159331980e-18, 1.415206509825776e-13, 2.526737375890349e-17, 3.076987391761642e-03, 8.729322380860992e-04, 2.117230143441912e+01, 5.589581915516150e+00, 6.865702095394564e+04, 2.205543761496417e+02, 9.511112911788958e-16, 3.582874190859456e-11, 6.396933640640177e-15, 7.789999999999961e-01, 2.209999999641679e-01, 3.571105801135123e+03, 3.132332720413707e+03, 1.098075644521807e+03, 5.360185375335479e+03, 1.415112822316161e+03, 4.927643870891546e+00, 1.747122900432718e-01, 1.953514886992804e+05, -4.485166945805246e+05, 1.058976310162603e+06
77, 6.985839957815661e-02, 1.870856474182115e-02, 3.857242138849504e-18, 1.463691695082499e-13, 2.669029362401370e-17, 3.074351887491814e-03, 8.721845533012346e-04, 2.115905435691284e+01, 5.584268208954838e+00, 6.860584354325038e+04, 2.216100297283579e+02, 9.773740079621086e-16, 3.708800658468205e-11, 6.762966470331195e-15, 7.789999999999958e-01, 2.209999999629083e-01, 3.560418305599615e+03, 3.125635543879714e+03, 1.100171267636596e+03, 5.361423788570429e+03, 1.414979512421666e+03, 4.933955356672125e+00, 1.741402384819571e-01, 1.184466300074597e+05, -1.860071720515254e+05, 4.588324088786457e+05
78, 7.219325844631382e-02, 1.933385616793038e-02, 3.996470175088055e-18, 1.522795900171110e-13, 2.832795157366879e-17, 3.075990470807412e-03, 8.726494145440362e-04, 2.117361982843950e+01, 5.585333669888670e+00, 6.864705929942243e+04, 2.230762930372832e+02, 1.012113105011143e-15, 3.856507416038610e-11, 7.174103588850004e-15, 7.789999999999957e-01, 2.209999999614311e-01, 3.557666081561223e+03, 3.121555667218111e+03, 1.102434738888023e+03, 5.362256483852087e+03, 1.414495581223686e+03, 4.937785602327172e+00, 1.739929248243261e-01, 1.356903220562215e+05, -3.147345974869969e+05, 7.725574734610302e+05
79, 7.461397849477001e-02, 1.998214181463633e-02, 4.233187579715246e-18, 1.615825570713731e-13, 3.076445930003280e-17, 3.076314257675701e-03, 8.727412719132840e-04, 2.117839455400056e+01, 5.588710853563600e+00, 6.865990320971853e+04, 2.251634327389787e+02, 1.071949368101843e-15, 4.091675993261551e-11, 7.790333427389329e-15, 7.789999999999953e-01, 2.209999999590790e-01, 3.552422631061319e+03, 3.116626911759598e+03, 1.105888409958279e+03, 5.362901178383292e+03, 1.415201891049769e+03, 4.942404495291722e+00, 1.737122674864885e-01, 1.088382734479107e+05, -2.185904346693130e+05, 5.297124142727980e+05
80, 7.712375765598738e-02, 2.065427811046968e-02, 4.447600122327739e-18, 1.704485650434806e-13, 3.316721926554573e-17, 3.079856140366293e-03, 8.737460935663182e-04, 2.120491166380226e+01, 5.595468542269345e+00, 6.874289106623740e+04, 2.273019759451412e+02, 1.124948808447016e-15, 4.311221892106908e-11, 8.389113851527847e-15, 7.789999999999950e-01, 2.209999999568833e-01, 3.552575691080787e+03, 3.113176870956897e+03, 1.109018759429239e+03, 5.363440834005078e+03, 1.415283635264010e+03, 4.945626155150364e+00, 1.737204600721903e-01, 8.192239437735351e+04, -1.706052012090904e+05, 4.590893780360099e+05
81, 7.972633713574356e-02, 2.135126697632939e-02, 4.707001820201770e-18, 1.804114432173228e-13, 3.581753398842659e-17, 3.087038724205147e-03, 8.757837713848351e-04, 2.125521017646468e+01, 5.608247709071914e+00, 6.890493780574643e+04, 2.297318509518679e+02, 1.187790224070245e-15, 4.552599653652870e-11, 9.038389689837245e-15, 7.789999999999946e-01, 2.209999999544691e-01, 3.559130414590668e+03, 3.111664112517202e+03, 1.112165343227268e+03, 5.363654364824720e+03, 1.415215472067614e+03, 4.946996800842627e+00, 1.740713037104735e-01, 6.907397143181121e+04, -1.173081898380372e+05, 3.295823746199600e+05
82, 8.242461639642955e-02, 2.207388490838751e-02, 4.992259778910617e-18, 1.918922608651524e-13, 3.894271062031833e-17, 3.092243216446673e-03, 8.772602704559944e-04, 2.129171975490043e+01, 5.621704154645113e+00, 6.902438882901100e+04, 2.323239818817182e+02, 1.257653455940052e-15, 4.834162798672939e-11, 9.810473966561909e-15, 7.789999999999940e-01, 2.209999999516531e-01, 3.561847823450144e+03, 3.108798701473987e+03, 1.115797866219649e+03, 5.363824423916672e+03, 1.416223508285618e+03, 4.949652352226476e+00, 1.742167538746985e-01, 8.072316597786563e+04, -1.832330379377618e+05, 4.589254022347188e+05
83, 8.522212594146307e-02, 2.282307739998714e-02, 5.299569695273021e-18, 2.043608626295870e-13, 4.243052035441893e-17, 3.091636955409976e-03, 8.770882759774011e-04, 2.129114640496622e+01, 5.621423542940293e+00, 6.901736764421506e+04, 2.345884213585941e+02, 1.335332981252385e-15, 5.149282217948394e-11, 1.069122145737481e-14, 7.789999999999937e-01, 2.209999999485015e-01, 3.554637848533739e+03, 3.103114191467111e+03, 1.119589586478137e+03, 5.364731787296527e+03, 1.416430519853761e+03, 4.955014488210733e+00, 1.738308376987089e-01, 7.148104418401599e+04, -1.656237008635657e+05, 4.734573202759030e+05
84, 8.812282375538115e-02, 2.359990442688505e-02, 5.661949943310118e-18, 2.189308531189940e-13, 4.647546793662036e-17, 3.100078111669190e-03, 8.794830070710276e-04, 2.134959317082535e+01, 5.640207250550874e+00, 6.920839327431415e+04, 2.377223820214132e+02, 1.422757378027385e-15, 5.501381850274295e-11, 1.167854106202932e-14, 7.789999999999933e-01, 2.209999999449800e-01, 3.561756970630417e+03, 3.100862670105830e+03, 1.123654646728425e+03, 5.364810976042766e+03, 1.417293787417944e+03, 4.957078391277542e+00, 1.742118909489362e-01, 7.630480121151387e+04, -1.515838395672054e+05, 3.798636723686700e+05
85, 9.113047082487051e-02, 2.440537320744504e-02, 6.008998121778312e-18, 2.325913011430064e-13, 5.032644740837503e-17, 3.107053499844562e-03, 8.814619040878627e-04, 2.139876150172779e+01, 5.653117993072943e+00, 6.936655545009840e+04, 2.404166310988356e+02, 1.506575132066262e-15, 5.831525707538176e-11, 1.261783954897625e-14, 7.789999999999927e-01, 2.209999999416780e-01, 3.567332619266816e+03, 3.098744437865836e+03, 1.127153384821662e+03, 5.365094360518649e+03, 1.417348918138710e+03, 4.959029807454923e+00, 1.745103292965545e-01, 7.768881637420243e+04, -1.661209431548766e+05, 4.075666772423284e+05
86, 9.424866669024891e-02, 2.524044772357169e-02, 6.456881287967671e-18, 2.500681331905138e-13, 5.526222897024000e-17, 3.112362486939813e-03, 8.829680480345056e-04, 2.143745306941677e+01, 5.662317698451098e+00, 6.948892739317054e+04, 2.435241982431059e+02, 1.616106910565020e-15, 6.259009886311336e-11, 1.383170390610385e-14, 7.789999999999920e-01, 2.209999999374025e-01, 3.569581983998469e+03, 3.095409245830883e+03, 1.131498017950907e+03, 5.365626918828249e+03, 1.417233855504524e+03, 4.962134788746189e+00, 1.746307272515696e-01, 6.783566089153524e+04, -1.330197825746994e+05, 3.077807150468320e+05
87, 9.748170013635063e-02, 2.610627654163954e-02, 7.035404297159019e-18, 2.717017928932840e-13, 6.128423636958720e-17, 3.128472628226365e-03, 8.875384475306202e-04, 2.154506551287654e+01, 5.697245726675258e+00, 6.984661890596297e+04, 2.478153664938383e+02, 1.751838867963482e-15, 6.765464231785864e-11, 1.525997692969221e-14, 7.789999999999911e-01, 2.209999999323372e-01, 3.590054297942250e+03, 3.097130778724591e+03, 1.136332757214357e+03, 5.364792353655917e+03, 1.418632971577608e+03, 4.960353811479580e+00, 1.757265142969401e-01, 4.638864775843290e+04, -3.573770897961892e+04, 1.143806333645264e+05
88, 1.008339308239883e-01, 2.700402720910258e-02, 7.522919733163802e-18, 2.915553471725845e-13, 6.720312824134710e-17, 3.131450660988021e-03, 8.883833066125952e-04, 2.156785664190772e+01, 5.708554419167829e+00, 6.991977523559843e+04, 2.507936231503417e+02, 1.871450361694505e-15, 7.252920133053609e-11, 1.671788655405195e-14, 7.789999999999903e-01, 2.209999999274618e-01, 3.586803268655401e+03, 3.091383396901295e+03, 1.140683417976061e+03, 5.365360065658776e+03, 1.420097064894708e+03, 4.965788798844245e+00, 1.755525019314385e-01, 4.895203923157931e+04, -7.270835356029800e+04, 1.705042231049866e+05
89, 1.043097319128833e-01, 2.793487088851627e-02, 7.870271115864119e-18, 3.072666991101952e-13, 7.219072648437173e-17, 3.136541552852902e-03, 8.898275775880741e-04, 2.160764682611410e+01, 5.714222919591252e+00, 7.003979690693857e+04, 2.531946972430584e+02, 1.954681962903234e-15, 7.631359399307930e-11, 1.792948538500112e-14, 7.789999999999897e-01, 2.209999999236768e-01, 3.586283413896550e+03, 3.085918477159853e+03, 1.143828880500626e+03, 5.366533997368046e+03, 1.419199962555155e+03, 4.970994692854789e+00, 1.755246765419008e-01, 7.467773660249077e+04, -1.119149648582572e+05, 1.965466266943732e+05
90, 1.079134959989725e-01, 2.889998394758972e-02, 8.450785749807962e-18, 3.316916434465162e-13, 7.965859331754097e-17, 3.141039515971309e-03, 8.911036364200877e-04, 2.164241240549882e+01, 5.722012882180301e+00, 7.014675075341425e+04, 2.566455125391878e+02, 2.095854593877844e-15, 8.226187188381509e-11, 1.975589414868423e-14, 7.789999999999887e-01, 2.209999999177276e-01, 3.584913181811395e+03, 3.080322080906574e+03, 1.148675272070085e+03, 5.367471239428155e+03, 1.419099636459048e+03, 4.976297520540866e+00, 1.754513344384050e-01, 5.326791302251523e+04, -8.818621422408623e+04, 1.887451200513268e+05
91, 1.116309809947942e-01, 2.989555225635505e-02, 9.074278068063265e-18, 3.581483951470109e-13, 8.782648523280655e-17, 3.152143034974681e-03, 8.942536719517090e-04, 2.171984426842821e+01, 5.746047166398242e+00, 7.039856173750061e+04, 2.606283880653701e+02, 2.242557693793851e-15, 8.851045042178998e-11, 2.170486276708721e-14, 7.789999999999876e-01, 2.209999999114780e-01, 3.593742322592164e+03, 3.077031233360701e+03, 1.153463060930500e+03, 5.367700163784354e+03, 1.420040490852952e+03, 4.979372063276905e+00, 1.759239169767486e-01, 3.415837298514960e+04, -5.684976358926497e+04, 1.531022825774295e+05
92, 1.154556628374381e-01, 3.091982862543962e-02, 9.848113006746359e-18, 3.899322585708798e-13, 9.756201812037200e-17, 3.162282808644897e-03, 8.971302957724474e-04, 2.179025757533773e+01, 5.768563107060833e+00, 7.062850112956145e+04, 2.650002310827155e+02, 2.425994288456051e-15, 9.605631368463094e-11, 2.403352790205894e-14, 7.789999999999864e-01, 2.209999999039308e-01, 3.601820434236887e+03, 3.074059272941133e+03, 1.158918983191786e+03, 5.367834465906533e+03, 1.421033769691825e+03, 4.982122969735767e+00, 1.763563004442771e-01, 3.241025601494326e+04, -6.038753716379126e+04, 1.659075768661704e+05
93, 1.194211400542905e-01, 3.198181097390006e-02, 1.069682197371974e-17, 4.237782651863359e-13, 1.079535787960880e-16, 3.176408239855058e-03, 9.011376388675393e-04, 2.188579138582700e+01, 5.800546323406540e+00, 7.094472979266061e+04, 2.696044589564921e+02, 2.623348035990408e-15, 1.039297356171111e-10, 2.647513528865178e-14, 7.789999999999851e-01, 2.209999998960561e-01, 3.617167207114397e+03, 3.073428807015495e+03, 1.164150356351553e+03, 5.367393043388171e+03, 1.422558199301169e+03, 4.982601309250127e+00, 1.771777412913450e-01, 4.014580726892204e+04, -5.336891035862851e+04, 1.106513805505677e+05
94, 1.235329691157358e-01, 3.308298736310846e-02, 1.157779410441617e-17, 4.628117688043324e-13, 1.205592221797144e-16, 3.180055393354131e-03, 9.021723255079552e-04, 2.191467204239346e+01, 5.812846459778807e+00, 7.103534507810923e+04, 2.737979389157655e+02, 2.836146070344769e-15, 1.133723546615022e-10, 2.953270382467739e-14, 7.789999999999835e-01, 2.209999998866118e-01, 3.612163928374747e+03, 3.065657639562289e+03, 1.170052704227166e+03, 5.368311997552382e+03, 1.423939784706553e+03, 4.990028738788820e+00, 1.769099392225441e-01, 4.405400354570329e+04, -9.009145355640499e+04, 2.062315948056907e+05
95, 1.277962626229142e-01, 3.422472698316944e-02, 1.203753627227156e-17, 4.870466496065696e-13, 1.291745602731674e-16, 3.193405411689393e-03, 9.059596862694589e-04, 2.201120867566298e+01, 5.836332337815429e+00, 7.134068463116512e+04, 2.768443130454058e+02, 2.936439176114045e-15, 1.188102640067839e-10, 3.151086989595877e-14, 7.789999999999824e-01, 2.209999998811728e-01, 3.620198040444658e+03, 3.059631747503097e+03, 1.172911761418527e+03, 5.369418958073980e+03, 1.423716160345861e+03, 4.995850934836256e+00, 1.773399675989866e-01, 2.831481570359062e+04, -4.306175536534147e+04, 1.211849325890452e+05
96, 1.322166984316482e-01, 3.540855040331866e-02, 1.300715780103287e-17, 5.338760916889400e-13, 1.449689671640662e-16, 3.206606930443381e-03, 9.097049181156036e-04, 2.210499997154618e+01, 5.867077482391318e+00, 7.164378054076985e+04, 2.821507641201086e+02, 3.159905827810118e-15, 1.296976787136702e-10, 3.521816919580775e-14, 7.789999999999805e-01, 2.209999998702835e-01, 3.626989968689415e+03, 3.052751927631247e+03, 1.179132732544233e+03, 5.370098472110843e+03, 1.425323857249557e+03, 5.002439722779849e+00, 1.777035076953396e-01, 2.359798178072508e+04, -3.935990591079034e+04, 1.117277442041110e+05
97, 1.368001042322728e-01, 3.663601831951517e-02, 1.382142104215279e-17, 5.744501738393626e-13, 1.588686281604472e-16, 3.218064964991804e-03, 9.129555286465278e-04, 2.218677931176710e+01, 5.889636205263519e+00, 7.190567747611531e+04, 2.865229674098144e+02, 3.345764336321953e-15, 1.390576915907572e-10, 3.845747760946778e-14, 7.789999999999787e-01, 2.209999998609218e-01, 3.634054932227208e+03, 3.047807736788883e+03, 1.184117605709412e+03, 5.370774447342495e+03, 1.425709752230512e+03, 5.007173527024314e+00, 1.780816620916618e-01, 2.707880952068663e+04, -5.278699718806683e+04, 1.366228105407983e+05
98, 1.415524108020030e-01, 3.790871903510071e-02, 1.436624101568376e-17, 6.033234806707084e-13, 1.691297239920841e-16, 3.230038709935570e-03, 9.163524447056766e-04, 2.227175928314339e+01, 5.911911358345900e+00, 7.217769631382055e+04, 2.896905188354737e+02, 3.464757780392223e-15, 1.455056838782725e-10, 4.078962106075125e-14, 7.789999999999776e-01, 2.209999998544725e-01, 3.643103599006160e+03, 3.044070321644941e+03, 1.187208796111051e+03, 5.371359924635169e+03, 1.425796828373981e+03, 5.010776775994853e+00, 1.785659948281311e-01, 3.393316138145872e+04, -2.373096994514828e+04, 8.358845414354475e+04
99, 1.464799102645229e-01, 3.922833762451179e-02, 1.542160288512733e-17, 6.580641864360227e-13, 1.881792160104257e-16, 3.233898498365276e-03, 9.174474552323985e-04, 2.230348812863477e+01, 5.921324864921234e+00, 7.227398501361445e+04, 2.943457936451978e+02, 3.714844066252096e-15, 1.585182718297371e-10, 4.532968778897003e-14, 7.789999999999752e-01, 2.209999998414575e-01, 3.637418223975842e+03, 3.035692238403836e+03, 1.193513389180253e+03, 5.372592015794137e+03, 1.426362661693063e+03, 5.018892812809288e+00, 1.782616833407533e-01, 2.786647853465311e+04, -5.531071823144468e+04, 1.638300966866851e+05
100, 1.515891417382304e-01, 4.059662530908530e-02, 1.560678335932466e-17, 6.819441400576317e-13, 1.984497296085351e-16, 3.241530909424802e-03, 9.196127476913839e-04, 2.236428927585996e+01, 5.932465092861431e+00, 7.245631629384968e+04, 2.963677850810670e+02, 3.750599508881698e-15, 1.638838252506878e-10, 4.769115078173835e-14, 7.789999999999740e-01, 2.209999998360907e-01, 3.634247493741765e+03, 3.025904512655842e+03, 1.195443741803769e+03, 5.374553515821867e+03, 1.425681394523228e+03, 5.028559928549912e+00, 1.780919690073171e-01, 3.148821945698358e+04, -7.918023200239163e+04, 2.208210056218315e+05
101, 1.568867156612559e-01, 4.201535241007798e-02, 1.641688177519753e-17, 7.324723967921564e-13, 2.171262183001545e-16, 3.249215913950689e-03, 9.217929607348420e-04, 2.242130043265375e+01, 5.950178168224265e+00, 7.263674294974621e+04, 3.006874980968192e+02, 3.935949854230740e-15, 1.756103663813733e-10, 5.205604322248841e-14, 7.789999999999717e-01, 2.209999998243618e-01, 3.634215948496658e+03, 3.018721478699103e+03, 1.200675389900207e+03, 5.375510122932911e+03, 1.426556103318679e+03, 5.035579362759536e+00, 1.780902805381472e-01, 2.488960968558570e+04, -7.152026083105215e+04, 2.276627934310056e+05
102, 1.623795444791689e-01, 4.348637012843689e-02, 1.717686520090573e-17, 7.825616400111527e-13, 2.360321726757442e-16, 3.255356623633464e-03, 9.235350618912836e-04, 2.246656874003881e+01, 5.967267496413073e+00, 7.278180952544841e+04, 3.046212417689350e+02, 4.110387751179805e-15, 1.872653561649544e-10, 5.648200297919195e-14, 7.789999999999695e-01, 2.209999998127045e-01, 3.633294245965472e+03, 3.012262985466364e+03, 1.205512781679063e+03, 5.376202693563972e+03, 1.427954573688821e+03, 5.041906765374214e+00, 1.780409461201556e-01, 2.640379537875656e+04, -4.264877963653612e+04, 1.205219013319959e+05
103, 1.680748718576803e-01, 4.501161836816416e-02, 1.776999144926807e-17, 8.257308324916942e-13, 2.528190521182834e-16, 3.257762319812754e-03, 9.242175507513467e-04, 2.248752141049349e+01, 5.972218537819408e+00, 7.284328618503995e+04, 3.076040506160152e+02, 4.249181487179487e-15, 1.974497386132131e-10, 6.045439239147883e-14, 7.789999999999676e-01, 2.209999998025180e-01, 3.628288057795985e+03, 3.005891152225623e+03, 1.209458769590411e+03, 5.377242861529739e+03, 1.428083998843884e+03, 5.048190127230346e+00, 1.777729883232071e-01, 2.925858171286037e+04, -6.266228798918553e+04, 1.658472164107965e+05
104, 1.736973472536992e-01, 4.651735634084748e-02, 1.849376511071904e-17, 8.711616987851453e-13, 2.697088881959693e-16, 3.259890423698486e-03, 9.248212874950579e-04, 2.250474034459756e+01, 5.976247504475658e+00, 7.289565380653158e+04, 3.107638966522370e+02, 4.419364195961084e-15, 2.081772314860993e-10, 6.445100803918424e-14, 7.789999999999655e-01, 2.209999997917884e-01, 3.625874803234431e+03, 3.001930883265423e+03, 1.213675240789664e+03, 5.377847243267408e+03, 1.428114507206187e+03, 5.052056393454588e+00, 1.776438181134793e-01, 6.420612704561339e+03, -2.636012145592710e+04, 1.581591706306691e+05
105, 1.778935653319111e-01, 4.764113269503090e-02, 1.979403472872935e-17, 9.359260252736437e-13, 2.919792035090784e-16, 3.271450474981587e-03, 9.281008398482123e-04, 2.258071898605067e+01, 6.004047160505779e+00, 7.315212389106293e+04, 3.159014151281260e+02, 4.713368938824061e-15, 2.228633382237698e-10, 6.952628544219103e-14, 7.789999999999629e-01, 2.209999997770996e-01, 3.640761322765695e+03, 3.003604492934601e+03, 1.219381730650501e+03, 5.376936079165815e+03, 1.429687771159093e+03, 5.050216109721372e+00, 1.784406237553726e-01, 3.327267758718623e+04, -1.632032403281329e+04, 3.535469383352337e+04
106, 1.808818454983137e-01, 4.844141488439446e-02, 2.064259324629287e-17, 9.803325873729177e-13, 3.074358415866863e-16, 3.272412424042879e-03, 9.283737419123307e-04, 2.258719136395790e+01, 6.009146017428577e+00, 7.317552723681714e+04, 3.187540331469841e+02, 4.913983341682433e-15, 2.333688382162976e-10, 7.318531088454226e-14, 7.789999999999609e-01, 2.209999997665921e-01, 3.639938433115239e+03, 3.002042882794160e+03, 1.223267476602826e+03, 5.376896244265013e+03, 1.430481290556086e+03, 5.051679685488145e+00, 1.783965783279131e-01, 8.355089499361922e+04, -1.019274105339502e+05, 1.354682051069243e+05
107, 1.830102782198245e-01, 4.901142395430518e-02, 2.145117148353707e-17, 1.019852612011312e-12, 3.208866968661223e-16, 3.280748569807067e-03, 9.307386818136086e-04, 2.264108519319317e+01, 6.031072979626488e+00, 7.335968017600523e+04, 3.217976352403097e+02, 5.093490778129703e-15, 2.421597290533884e-10, 7.619320150260599e-14, 7.789999999999595e-01, 2.209999997577997e-01, 3.651465266459568e+03, 3.003897519458681e+03, 1.226392611741261e+03, 5.376030802181765e+03, 1.432053005940983e+03, 5.049727867403456e+00, 1.790135557095391e-01, 7.774043393645994e+04, -1.099340924180307e+05, 1.910579556613794e+05
108, 1.845266076094257e-01, 4.941750749939901e-02, 2.200022205468116e-17, 1.046518332288527e-12, 3.299498650990829e-16, 3.283580771184429e-03, 9.315421689556135e-04, 2.265909099678053e+01, 6.040167470015714e+00, 7.342266929414573e+04, 3.235907626010532e+02, 5.219354776040350e-15, 2.482770602163845e-10, 7.827763737922533e-14, 7.789999999999582e-01, 2.209999997516812e-01, 3.654958253714761e+03, 3.004177600709195e+03, 1.228508269347576e+03, 5.375665505594977e+03, 1.432975396991599e+03, 5.049387660465695e+00, 1.792005189514275e-01, 3.628148174440872e+04, -6.442345597057957e+04, 1.977703571025419e+05
109, 1.856071385576787e-01, 4.970688119423033e-02, 2.241755293980807e-17, 1.066852416848374e-12, 3.368576541703731e-16, 3.284643676567058e-03, 9.318437120540970e-04, 2.266563325683033e+01, 6.044757669012243e+00, 7.344662809861203e+04, 3.248500818785797e+02, 5.316641760777307e-15, 2.530192357404924e-10, 7.989058736287828e-14, 7.789999999999574e-01, 2.209999997469382e-01, 3.655949718759175e+03, 3.004020120505326e+03, 1.230117317644052e+03, 5.375477539019867e+03, 1.433600319496983e+03, 5.049501292874149e+00, 1.792535874298901e-01, 1.133745464218444e+04, -2.587396105489829e+04, 2.154255577154526e+05
110, 1.864563448972940e-01, 4.993430455176207e-02, 2.277915134470619e-17, 1.084454704269290e-12, 3.428319750182806e-16, 3.285299383408165e-03, 9.320297341313379e-04, 2.266958659414022e+01, 6.048058002108974e+00, 7.346155246165644e+04, 3.259025237864796e+02, 5.401321714283626e-15, 2.571425358955705e-10, 8.129125457728353e-14, 7.789999999999566e-01, 2.209999997428141e-01, 3.656417188960698e+03, 3.003804587830883e+03, 1.231491690353500e+03, 5.375342060459097e+03, 1.434096754602313e+03, 5.049679766411827e+00, 1.792786089195142e-01, 2.276737897553317e+04, 6.163586316621456e+03, 1.156277358166922e+05
111, 1.872983059985922e-01, 5.015978758413685e-02, 2.317253536082297e-17, 1.103344018623684e-12, 3.492165719422773e-16, 3.285806423219931e-03, 9.321735798100072e-04, 2.267255774895082e+01, 6.051007666143955e+00, 7.347320479636933e+04, 3.269977627495281e+02, 5.493751828627377e-15, 2.615811401529637e-10, 8.279237255749014e-14, 7.789999999999559e-01, 2.209999997383747e-01, 3.656666929599925e+03, 3.003546198541019e+03, 1.232943976408464e+03, 5.375216982235936e+03, 1.434574763326028e+03, 5.049899137957161e+00, 1.792919763658088e-01, 4.143160489996309e+04, 2.524287174323878e+03, 5.373789265758987e+04
112, 1.881402670998902e-01, 5.038527061651158e-02, 2.357834621758488e-17, 1.122745297615011e-12, 3.557598438621358e-16, 3.286474454523158e-03, 9.323630982989646e-04, 2.267656383067449e+01, 6.054359732177446e+00, 7.348838618900815e+04, 3.281162254317268e+02, 5.588825337807942e-15, 2.661266956261625e-10, 8.432650921328952e-14, 7.789999999999551e-01, 2.209999997338283e-01, 3.657166670323984e+03, 3.003346075284726e+03, 1.234404057105018e+03, 5.375073948857901e+03, 1.435077709146613e+03, 5.050059682263583e+00, 1.793187251453054e-01, 4.650767694945311e+04, -6.424736399323528e+03, 3.630830389999448e+04
113, 1.889822282011882e-01, 5.061075364888633e-02, 2.400343985555266e-17, 1.143077363722151e-12, 3.626118951546045e-16, 3.287038253330583e-03, 9.325230463356784e-04, 2.267989544001414e+01, 6.057416086402099e+00, 7.350127322690058e+04, 3.292588830740998e+02, 5.688610294853744e-15, 2.708995751531792e-10, 8.593592302712132e-14, 7.789999999999544e-01, 2.209999997290546e-01, 3.657514048612885e+03, 3.003116161660523e+03, 1.235909824951676e+03, 5.374941569319521e+03, 1.435555891850580e+03, 5.050248879216266e+00, 1.793373186775200e-01, 5.568035617703361e+04, -1.697183618518829e+04, 4.374982333672798e+04
114, 1.898241893024864e-01, 5.083623668126110e-02, 2.441747901425332e-17, 1.162985673469952e-12, 3.693281086227809e-16, 3.287243944827820e-03, 9.325814003862288e-04, 2.268089024720533e+01, 6.059673218957703e+00, 7.350629193742774e+04, 3.303315963953325e+02, 5.786371949070087e-15, 2.756004284557261e-10, 8.752213144078014e-14, 7.789999999999534e-01, 2.209999997243528e-01, 3.657323668411314e+03, 3.002771940942744e+03, 1.237366234236873e+03, 5.374840991150517e+03, 1.436000953015679e+03, 5.050554395703588e+00, 1.793271285173285e-01, 7.402118445532699e+04, -4.144284345652010e+04, 5.331271513649374e+04
115, 1.906661504037847e-01, 5.106171971363592e-02, 2.483788602396969e-17, 1.183179584743200e-12, 3.761344983859408e-16, 3.287396426370676e-03, 9.326246589295383e-04, 2.268158762419977e+01, 6.061585084624559e+00, 7.351012613861155e+04, 3.313971413423114e+02, 5.885725572206821e-15, 2.803729082143163e-10, 8.913095235250198e-14, 7.789999999999526e-01, 2.209999997195795e-01, 3.657068765678638e+03, 3.002423388270226e+03, 1.238818297981504e+03, 5.374756940633802e+03, 1.436387392479878e+03, 5.050864396506348e+00, 1.793134847683580e-01, 7.378971489990913e+04, -5.813995417021394e+04, 7.178625010942383e+04
116, 1.915081115050830e-01, 5.128720274601074e-02, 2.525640231576501e-17, 1.203502920683665e-12, 3.830007349517004e-16, 3.287118195089627e-03, 9.325457255162574e-04, 2.267946873697522e+01, 6.062618926739289e+00, 7.350453293716948e+04, 3.324169730331092e+02, 5.985406132754916e-15, 2.852129797501711e-10, 9.076569652197161e-14, 7.789999999999517e-01, 2.209999997147386e-01, 3.656130863259670e+03, 3.001907446788087e+03, 1.240265595830485e+03, 5.374709729785327e+03, 1.436753978297651e+03, 5.051342961404874e+00, 1.792632832462756e-01, 2.020973965915746e+06, -3.062869190513836e+05, 5.123421368910199e+05
117, 1.923500726063814e-01, 5.151268577838557e-02, 2.566050632090095e-17, 1.223053822877023e-12, 3.895952304286715e-16, 3.287372312516678e-03, 9.326178178604760e-04, 2.268086156293069e+01, 6.064645402293976e+00, 7.351058190448854e+04, 3.334244758306754e+02, 6.080702921257316e-15, 2.898238585247886e-10, 9.232136054330057e-14, 7.789999999999508e-01, 2.209999997101269e-01, 3.656046959619795e+03, 3.001606511386960e+03, 1.241619999154453e+03, 5.374624313239316e+03, 1.437123124265147e+03, 5.051607819770450e+00, 1.792587922775513e-01, 6.767763134506194e+06, -3.526236765833286e+05, 1.546116233019538e+06
118, 1.938060252885054e-01, 5.235167164821233e-02, 4.573488882601966e-08, 1.002021400309004e-06, 1.894455401598660e-07, 1.121268697767912e-02, 3.179941218200144e-03, 6.172733737863314e+01, 2.469567430053997e+01, 2.317379144061263e+05, 3.848424118552758e+03, 3.177387557987061e-06, 6.961447621071412e-05, 1.316154729292000e-05, 7.789906788668546e-01, 2.209233677220837e-01, 3.146793073257156e+04, 7.573829819434937e+03, 2.120198300483185e+03, 4.288447590211583e+03, 1.715708297819113e+03, 2.640146479310088e+00, 1.667898622120053e+00, 1.396596313333270e+07, -5.244353977074652e+06, 4.111253186118950e+06
119, 1.944200168693315e-01, 5.296517448566464e-02, 5.716239633378015e-06, 4.694657861274973e-05, 2.506459193750679e-05, 1.413633255171767e-02, 3.955065608926669e-03, 6.784331655115359e+01, 3.649758499609376e+01, 2.857984664030732e+05, 1.109859794810948e+04, 3.146128090256532e-04, 2.583865603754003e-03, 1.379515587571812e-03, 7.780414360950157e-01, 2.176805699046327e-01, 4.644168724336952e+04, 8.832389448965156e+03, 3.409292983608852e+03, 3.733989084212264e+03, 2.008769483914714e+03, 2.240713417796405e+00, 2.469373650791639e+00, 1.348087748825178e+07, -8.308813358308535e+06, 7.138801196036058e+06
120, 1.950340084501591e-01, 5.357867732311846e-02, 2.703490231066785e-05, 1.852462589000686e-04, 1.227412553090922e-04, 1.502508081884263e-02, 4.035802715675072e-03, 6.590861629491070e+01, 4.449951395260481e+01, 3.040366066846153e+05, 1.712144233965497e+04, 1.393845813591486e-03, 9.550791768515424e-03, 6.328204293160461e-03, 7.746521795254893e-01, 2.080749785992434e-01, 5.063642081821557e+04, 8.955123198436528e+03, 4.371198891474219e+03, 3.398068461524228e+03, 2.294273547466054e+03, 2.142172197766938e+00, 2.693898085241003e+00, 1.100458194972266e+07, -9.682568654330235e+06, 1.017949178154348e+07
121, 1.956480000309866e-01, 5.419218016057227e-02, 5.207750901552030e-05, 3.536875304439064e-04, 2.510966341141091e-04, 1.519402106876025e-02, 3.870951984803730e-03, 6.286890446915835e+01, 4.983335021281707e+01, 3.101778780136913e+05, 2.070316048787586e+04, 2.640601634484896e-03, 1.793380460476264e-02, 1.273191047324805e-02, 7.704162051339507e-01, 1.962774781535537e-01, 5.045507454040987e+04, 8.699544131704906e+03, 4.972876226563132e+03, 3.187781732226459e+03, 2.526811065110778e+03, 2.144780116744515e+00, 2.684191468661590e+00, 6.540351774566555e+06, -7.163526615527547e+06, 1.016893842080384e+07
122, 1.962619916118142e-01, 5.480568299802609e-02, 6.885333922224137e-05, 4.977255333984746e-04, 3.598204515120488e-04, 1.500321109317084e-02, 3.633967054636273e-03, 6.022546629878651e+01, 5.264677814680674e+01, 3.094355715593984e+05, 2.242709117665302e+04, 3.519465666287161e-03, 2.544143749334008e-02, 1.839236469036100e-02, 7.668950688947361e-01, 1.857516632552756e-01, 4.830349297694653e+04, 8.333267587820099e+03, 5.335018430947578e+03, 3.078448529425058e+03, 2.691060887116287e+03, 2.192633662003967e+00, 2.569027388490893e+00, 3.190386530627687e+06, -3.086521939359132e+06, 7.512323101162569e+06
123, 1.968759831926407e-01, 5.541918583547877e-02, 7.770832825875719e-05, 6.134919990642959e-04, 4.426963050056113e-04, 1.475968455658388e-02, 3.418410267013830e-03, 5.863352597298647e+01, 5.387515885547045e+01, 3.071443887882090e+05, 2.329488142360840e+04, 4.023838164805650e-03, 3.176741251488231e-02, 2.292338964709715e-02, 7.642756362164035e-01, 1.770097234568112e-01, 4.599418045793733e+04, 7.989876227846420e+03, 5.569065338609963e+03, 3.036120128097575e+03, 2.789725698585967e+03, 2.249686298705738e+00, 2.445420709295205e+00, 3.169227941396590e+06, -1.561151998593134e+05, 4.098533909303160e+06
124, 1.974899747734663e-01, 5.603268867293071e-02, 8.290272736452676e-05, 7.162262964374234e-04, 5.117335807347647e-04, 1.460195003501650e-02, 3.244732267631831e-03, 5.800672055712224e+01, 5.448103784160273e+01, 3.061020002771445e+05, 2.388924421862096e+04, 4.327419184774249e-03, 3.738612123356174e-02, 2.671185599271851e-02, 7.622036177266135e-01, 1.693709858623322e-01, 4.421236342955806e+04, 7.702214203882271e+03, 5.735993244694007e+03, 3.027878615874563e+03, 2.843842366313316e+03, 2.301064478434540e+00, 2.350048392209778e+00, 5.490930362925692e+06, -5.790402446730676e+05, 1.961513517563718e+06
125, 1.981039663542920e-01, 5.664619151038264e-02, 8.776173331438463e-05, 8.292817162595593e-04, 5.824976311949723e-04, 1.456622500182264e-02, 3.094559676590242e-03, 5.793597121917094e+01, 5.527097242797546e+01, 3.074090034681078e+05, 2.453626168420293e+04, 4.580388372172036e-03, 4.328119086713128e-02, 3.040123839835209e-02, 7.602284629655827e-01, 1.615087193967619e-01, 4.295621082527074e+04, 7.442383096534751e+03, 5.881128425065367e+03, 3.023746670455616e+03, 2.884657240312792e+03, 2.347262683777299e+00, 2.282812428822030e+00, 6.772185510509606e+06, -2.097065711370798e+06, 1.880356551921903e+06
126, 1.987179579351177e-01, 5.725969434783457e-02, 9.142826176586123e-05, 9.427061415821645e-04, 6.499025905243739e-04, 1.456211254393248e-02, 2.953994416859416e-03, 5.813000134762884e+01, 5.591883489416317e+01, 3.091732254779964e+05, 2.503444104389328e+04, 4.761852930985475e-03, 4.909891008151283e-02, 3.384883947010683e-02, 7.584376751714356e-01, 1.538527223459594e-01, 4.192010329361938e+04, 7.210338490862126e+03, 5.991737966999403e+03, 3.027581537142970e+03, 2.912417481150123e+03, 2.389627840372014e+00, 2.227354447183402e+00, 7.127566942047058e+06, -3.065078598059367e+06, 2.359628215644955e+06
127, 1.993319495159453e-01, 5.787319718528838e-02, 9.541985601620161e-05, 1.060150989093712e-03, 7.182779335252863e-04, 1.467109372647366e-02, 2.841196380029754e-03, 5.884594513356646e+01, 5.665185514719603e+01, 3.130124059377463e+05, 2.555321527107076e+04, 4.922066048404838e-03, 5.468603084786638e-02, 3.705110841209937e-02, 7.567826586510478e-01, 1.465581360405816e-01, 4.148202125422830e+04, 7.031716398373545e+03, 6.071091480178437e+03, 3.035464951645305e+03, 2.922286664861627e+03, 2.419624734839631e+00, 2.203905968184276e+00, 7.601419107592472e+06, -3.838198661460262e+06, 2.689384578986385e+06
128, 1.999459410967732e-01, 5.848670002274249e-02, 9.900459539924854e-05, 1.176232411266981e-03, 7.844283251910149e-04, 1.480840949187824e-02, 2.738576490784353e-03, 5.966146767322853e+01, 5.743329996848919e+01, 3.173033595814744e+05, 2.597424311717382e+04, 5.049541291425426e-03, 5.999149943549584e-02, 4.000827640618575e-02, 7.552747919228702e-01, 1.396758909440227e-01, 4.122335211054241e+04, 6.877267060158437e+03, 6.123399177335449e+03, 3.042919809006131e+03, 2.929276348478567e+03, 2.445564901395787e+00, 2.190060620879303e+00, 8.104029613145074e+06, -4.621660898705318e+06, 3.128989368786095e+06
129, 2.005599326776022e-01, 5.910020286019781e-02, 1.016536665156079e-04, 1.283548693268995e-03, 8.443573713752707e-04, 1.493891009978554e-02, 2.645016224564374e-03, 6.041210391773647e+01, 5.819714691923991e+01, 3.213031106939955e+05, 2.626803329836162e+04, 5.130529086643982e-03, 6.478156795189818e-02, 4.261528582147055e-02, 7.539768649460497e-01, 1.334957521939376e-01, 4.100577564688040e+04, 6.741579324341807e+03, 6.153622507520102e+03, 3.049039616172789e+03, 2.937249243075843e+03, 2.469549743340064e+00, 2.178414772202251e+00, 8.629332342175793e+06, -5.485295589947876e+06, 3.803580521102346e+06
130, 2.011739242584307e-01, 5.971370569765253e-02, 1.048095625862456e-04, 1.401771050072637e-03, 9.087311317526221e-04, 1.511247740453182e-02, 2.551130225904063e-03, 6.125947652204078e+01, 5.915088800786803e+01, 3.262131082438258e+05, 2.658876665699813e+04, 5.219880643454313e-03, 6.981307230251736e-02, 4.525797005246102e-02, 7.526539213790077e-01, 1.270551556225597e-01, 4.094948481264452e+04, 6.614585949187583e+03, 6.176627467872925e+03, 3.050934932224479e+03, 2.945919892579758e+03, 2.490820050935687e+00, 2.175401787588095e+00, 9.806864020135393e+06, -6.834145614912952e+06, 4.921028837248604e+06
131, 2.017879158392583e-01, 6.032720853510635e-02, 1.075121391161679e-04, 1.515817531321053e-03, 9.700323626079983e-04, 1.528596623820977e-02, 2.462500633086079e-03, 6.208565221224001e+01, 6.008168249143760e+01, 3.310132247755138e+05, 2.681897208524774e+04, 5.285273985036030e-03, 7.451726874949614e-02, 4.768658546729726e-02, 7.514548622984265e-01, 1.210560094997439e-01, 4.095692504165963e+04, 6.504087108139162e+03, 6.183113150161034e+03, 3.052117511370403e+03, 2.953602784389549e+03, 2.509323992865305e+00, 2.175800028187166e+00, 9.578466033395413e+06, -7.002639749091980e+06, 5.243004611812898e+06
132, 2.024019074200850e-01, 6.094071137255926e-02, 1.099825069762585e-04, 1.629596108548964e-03, 1.030251304839975e-03, 1.545380653176520e-02, 2.372904349095482e-03, 6.285293432410975e+01, 6.100754541387990e+01, 3.356474509534164e+05, 2.696779627598123e+04, 5.339853329628659e-03, 7.911989320323012e-02, 5.002059883660930e-02, 7.503107769847163e-01, 1.152088776458156e-01, 4.098035392958240e+04, 6.402258705523379e+03, 6.177524377117047e+03, 3.051625752629724e+03, 2.962028721359307e+03, 2.526380952215865e+00, 2.177054066785036e+00, 8.813282292993521e+06, -6.587816831680167e+06, 5.040626661849227e+06
133, 2.030158990009110e-01, 6.155421421001157e-02, 1.117291010827041e-04, 1.733143763502949e-03, 1.084796478975003e-03, 1.559937744329342e-02, 2.289289810047455e-03, 6.352991952961916e+01, 6.182304581859572e+01, 3.396926243581924e+05, 2.701726455198609e+04, 5.366860150552717e-03, 8.325082820309949e-02, 5.210774040114508e-02, 7.493095027397689e-01, 1.099650685054337e-01, 4.099093262724820e+04, 6.313715642470826e+03, 6.160323622317743e+03, 3.051632835020765e+03, 2.969643877686033e+03, 2.541755218820135e+00, 2.177620294906142e+00, 7.619038518444287e+06, -5.741724612965417e+06, 4.463055247781530e+06
134, 2.036298905817386e-01, 6.216771704746538e-02, 1.132036866989560e-04, 1.833826754512070e-03, 1.137406419616768e-03, 1.573706283591342e-02, 2.207001264666012e-03, 6.415754408301041e+01, 6.260821604082761e+01, 3.435198626930302e+05, 2.701290259135141e+04, 5.383345532176269e-03, 8.720672756834259e-02, 5.408880175073842e-02, 7.483682676570731e-01, 1.049528574916697e-01, 4.100675434954877e+04, 6.232387518542288e+03, 6.136253947092429e+03, 3.050980390887406e+03, 2.977302859377850e+03, 2.555992273957996e+00, 2.178467157570520e+00, 6.948460086015875e+06, -5.261429169456503e+06, 4.121401896324232e+06
135, 2.042438821625666e-01, 6.278121988491957e-02, 1.141230875331368e-04, 1.924090991544405e-03, 1.184685018143034e-03, 1.585974415489090e-02, 2.132854034365559e-03, 6.473170501583853e+01, 6.330161416269026e+01, 3.469213417415350e+05, 2.695929520507787e+04, 5.379232265551461e-03, 9.069271229248251e-02, 5.584054911115205e-02, 7.475546738656961e-01, 1.005328324651178e-01, 4.102468519671143e+04, 6.162340283093335e+03, 6.106845411868520e+03, 3.051151907577445e+03, 2.983744067269133e+03, 2.568681938424556e+00, 2.179426911806770e+00, 7.346865095809125e+06, -5.654338226310052e+06, 4.440455204252820e+06
136, 2.048578737433964e-01, 6.339472272237563e-02, 1.149095134161108e-04, 2.011768537995466e-03, 1.230406180820473e-03, 1.598077218302785e-02, 2.061410920046670e-03, 6.528694168581190e+01, 6.398225695776037e+01, 3.502459151125423e+05, 2.688889836530503e+04, 5.369787274283081e-03, 9.401109423387861e-02, 5.749758445189525e-02, 7.467906229042354e-01, 9.633091113570774e-02, 4.106052611866087e+04, 6.098055953942954e+03, 6.074930197723557e+03, 3.050896120078618e+03, 2.989927456637560e+03, 2.580328767462662e+00, 2.181345308431312e+00, 6.535994002009789e+06, -5.138350608897763e+06, 4.133112605346395e+06
137, 2.054718653242259e-01, 6.400822555983141e-02, 1.153498693771244e-04, 2.090536783229840e-03, 1.271677311794126e-03, 1.609349965285668e-02, 1.998207552298750e-03, 6.581291706915133e+01, 6.460089014265968e+01, 3.533062285010063e+05, 2.680528011049235e+04, 5.347879790205080e-03, 9.692199457256037e-02, 5.895782485172739e-02, 7.461308973467541e-01, 9.264140343875304e-02, 4.110889838441327e+04, 6.042719407787129e+03, 6.041957262945606e+03, 3.051235090504196e+03, 2.995042791888083e+03, 2.590624069739972e+00, 2.183934449175845e+00, 4.353915121999214e+06, -3.479791755078309e+06, 2.998746244542423e+06
138, 2.060858569050542e-01, 6.462172839728597e-02, 1.158993785853154e-04, 2.169639064043898e-03, 1.312680811329734e-03, 1.621215225936003e-02, 1.936489319604086e-03, 6.632500428336040e+01, 6.526002801896615e+01, 3.564726337171973e+05, 2.673166891891717e+04, 5.329476262148728e-03, 9.976791964195737e-02, 6.036185274807283e-02, 7.454939075535945e-01, 8.904684379422670e-02, 4.118989309470267e+04, 5.991238773194004e+03, 6.009228842514719e+03, 3.049865669943015e+03, 3.000894175961596e+03, 2.599894496157635e+00, 2.188269716528739e+00, 4.514522652576168e+06, -3.690515814519706e+06, 3.136304510421127e+06
139, 2.066998484858817e-01, 6.523523123473965e-02, 1.161064737252140e-04, 2.242434542186751e-03, 1.350077565375188e-03, 1.631510902980952e-02, 1.877973384307443e-03, 6.676119136744292e+01, 6.586734310910722e+01, 3.592567520731730e+05, 2.663019346802848e+04, 5.301253713105565e-03, 1.023863188825975e-01, 6.164258957139856e-02, 7.449242884483313e-01, 8.574554938456695e-02, 4.123717788869198e+04, 5.943078667799868e+03, 5.975715853107115e+03, 3.048219468499372e+03, 3.007407649430010e+03, 2.609054828430403e+00, 2.190800650004983e+00, 3.185327388548942e+06, -2.282580820749190e+06, 1.895386266596676e+06
140, 2.073138400667077e-01, 6.584873407219195e-02, 1.154570469917324e-04, 2.299645166907353e-03, 1.379868437170627e-03, 1.638373133790634e-02, 1.828106983187107e-03, 6.711438892366807e+01, 6.629817355906044e+01, 3.612173403293196e+05, 2.647576100791392e+04, 5.246423828996572e-03, 1.044969840841632e-01, 6.270188644414776e-02, 7.444846437586857e-01, 8.307006188400665e-02, 4.119859133877826e+04, 5.899249964441049e+03, 5.940885794020762e+03, 3.049710160549053e+03, 3.012620941224249e+03, 2.618899253308893e+00, 2.188735292779751e+00, 3.030384862871972e+06, -1.965644292075336e+06, 1.538847298623453e+06
141, 2.079278316475338e-01, 6.646223690964426e-02, 1.148768354097384e-04, 2.353525754209319e-03, 1.408283122050161e-03, 1.646334242033731e-02, 1.785259281867222e-03, 6.750759027496603e+01, 6.674689462676290e+01, 3.633644775279298e+05, 2.636246522150451e+04, 5.192105904021136e-03, 1.063726635584192e-01, 6.365038770827858e-02, 7.440962059554492e-01, 8.068863687383188e-02, 4.121794781782304e+04, 5.861712420470353e+03, 5.909131266744897e+03, 3.051150885056305e+03, 3.016769607472262e+03, 2.627275526112923e+00, 2.189771354411060e+00, 3.787903466720795e+06, -2.661930182299456e+06, 1.965105039033765e+06
142, 2.085418232283599e-01, 6.707573974709657e-02, 1.145552186992304e-04, 2.409536311199315e-03, 1.437419068803169e-03, 1.655301392977249e-02, 1.742920022069352e-03, 6.792422593308460e+01, 6.722973727790016e+01, 3.657208703289262e+05, 2.627623951629629e+04, 5.146827095944973e-03, 1.082575452778325e-01, 6.458149611645624e-02, 7.437068479349864e-01, 7.830728357477981e-02, 4.127817695173958e+04, 5.826689322533263e+03, 5.879518066274180e+03, 3.051753123717242e+03, 3.020550590398228e+03, 2.634615188807383e+00, 2.192995137754793e+00, 2.676343319511514e+06, -1.817697450354639e+06, 1.444713982074690e+06
143, 2.091558148091877e-01, 6.768924258455068e-02, 1.139169598123016e-04, 2.459098752335699e-03, 1.463230395212796e-03, 1.662702375317534e-02, 1.703828303385145e-03, 6.830685476102155e+01, 6.762796441067928e+01, 3.677074705605419e+05, 2.616907654950994e+04, 5.093059411526734e-03, 1.099426816260989e-01, 6.541887483522676e-02, 7.433697313491996e-01, 7.617565277794799e-02, 4.129669981834260e+04, 5.793047239370596e+03, 5.849980866530199e+03, 3.053898823192108e+03, 3.023546636003278e+03, 2.642324491445642e+00, 2.193986580017863e+00, 2.414425320386805e+06, -1.496030696647232e+06, 1.216179812117043e+06
144, 2.097698063900161e-01, 6.830274542200525e-02, 1.132742187142668e-04, 2.505731904264657e-03, 1.487483473978480e-03, 1.670043763104044e-02, 1.668120043408665e-03, 6.869004534449282e+01, 6.800869796348850e+01, 3.696525568788279e+05, 2.607278627877481e+04, 5.039999130875153e-03, 1.114895054059589e-01, 6.618377510025998e-02, 7.430657399456190e-01, 7.422098041728714e-02, 4.132556804823129e+04, 5.762271051899897e+03, 5.822009497584033e+03, 3.056280350158931e+03, 3.025964623888084e+03, 2.649478897890768e+00, 2.195531761105926e+00, 2.843817064037432e+06, -1.905493831595089e+06, 1.446025260262050e+06
145, 2.103837979708436e-01, 6.891624825945906e-02, 1.128330217459405e-04, 2.552580889811474e-03, 1.511597226886694e-03, 1.678041922444065e-02, 1.634172207328332e-03, 6.909406967583510e+01, 6.839887578421032e+01, 3.717209694289179e+05, 2.599881577763307e+04, 4.994467364378580e-03, 1.129880397762060e-01, 6.690969452869745e-02, 7.427724160908153e-01, 7.233538223990271e-02, 4.138848263509403e+04, 5.734514880254517e+03, 5.796046141627456e+03, 3.058396121350650e+03, 3.027623895721053e+03, 2.655598608788951e+00, 2.198899284163571e+00, 3.868475661880131e+06, -2.932967266356617e+06, 2.282029881564009e+06
146, 2.109977895516708e-01, 6.952975109691242e-02, 1.126756678742057e-04, 2.604525196503617e-03, 1.537476102377520e-03, 1.686860968516044e-02, 1.596830987273537e-03, 6.951024380987251e+01, 6.882985174363543e+01, 3.739834294651133e+05, 2.593176351914566e+04, 4.959290689580522e-03, 1.146351985436529e-01, 6.767025271583847e-02, 7.424525679419999e-01, 7.028269010892824e-02, 4.147604577949128e+04, 5.706682851369036e+03, 5.770046659523872e+03, 3.059413904176983e+03, 3.029467225333054e+03, 2.661165646500368e+00, 2.203586129018818e+00, 2.689125346070175e+06, -2.140961686390214e+06, 1.848037865759956e+06
147, 2.116117811324961e-01, 7.014325393436399e-02, 1.124973417566121e-04, 2.653557703208441e-03, 1.561475123854682e-03, 1.695086904259151e-02, 1.561466382314420e-03, 6.989549976881879e+01, 6.923543175107052e+01, 3.760930997701064e+05, 2.586229856117281e+04, 4.925481776368953e-03, 1.161809684176687e-01, 6.836621334074898e-02, 7.421615058561500e-01, 6.836583060906319e-02, 4.155608343038819e+04, 5.680763291339404e+03, 5.744985286194539e+03, 3.060241290912840e+03, 3.031341470332039e+03, 2.666392528049235e+00, 2.207870169466594e+00, 2.375338844705953e+06, -1.924563622059785e+06, 1.730488446391450e+06
148, 2.122257727133214e-01, 7.075675677181555e-02, 1.123150234745843e-04, 2.702359289720365e-03, 1.584645868663436e-03, 1.702752385307447e-02, 1.525073525408256e-03, 7.024808873101509e+01, 6.962783621111467e+01, 3.780788574240469e+05, 2.578096434086267e+04, 4.893491935011774e-03, 1.177400224890056e-01, 6.904198154674292e-02, 7.418780504203505e-01, 6.644645360888925e-02, 4.161930509906722e+04, 5.654645457822184e+03, 5.719703209583786e+03, 3.060663168832463e+03, 3.033639173200300e+03, 2.671691857753192e+00, 2.211254129175078e+00, 2.120526614523978e+06, -1.719464438232525e+06, 1.588409285294445e+06
149, 2.128397642941467e-01, 7.137025960926710e-02, 1.120031452304514e-04, 2.746134549451236e-03, 1.605063242113445e-03, 1.709449639272961e-02, 1.492026894469858e-03, 7.056180745426899e+01, 6.997634256102809e+01, 3.798223687797734e+05, 2.569540460726404e+04, 4.859196758365415e-03, 1.191395837435889e-01, 6.963481326351771e-02, 7.416356146653748e-01, 6.473079156915326e-02, 4.166428382962499e+04, 5.630529876860344e+03, 5.695639312537593e+03, 3.061286407097862e+03, 3.035886324756251e+03, 2.676840270329552e+00, 2.213661629880556e+00, 1.941408132336775e+06, -1.633972990103207e+06, 1.547440152366920e+06
150, 2.134537558749734e-01, 7.198376244672000e-02, 1.117827382968613e-04, 2.792208750894610e-03, 1.625725868745348e-03, 1.716111591795914e-02, 1.456508831090796e-03, 7.084951681717304e+01, 7.034332898381807e+01, 3.815651284099557e+05, 2.560311595790180e+04, 4.829182451281135e-03, 1.206276184103148e-01, 7.023380313952510e-02, 7.413860234423744e-01, 6.292337255650468e-02, 4.170656224750540e+04, 5.605877949095183e+03, 5.671173668017893e+03, 3.060805706750580e+03, 3.038937630881852e+03, 2.681892801031095e+00, 2.215924595500336e+00, 1.479665785859541e+06, -1.296621775239413e+06, 1.325791182053492e+06
151, 2.140677474558010e-01, 7.259726528417382e-02, 1.117701770911421e-04, 2.840283940627861e-03, 1.646803171887428e-03, 1.723717598748906e-02, 1.421560806574147e-03, 7.114844282750673e+01, 7.075810542826537e+01, 3.835040300426022e+05, 2.553011387710035e+04, 4.805749755931193e-03, 1.221228614795617e-01, 7.080711641810510e-02, 7.411418363171183e-01, 6.112243602928382e-02, 4.178372536878190e+04, 5.582998063077423e+03, 5.647783656724486e+03, 3.059148877203241e+03, 3.042365653717738e+03, 2.686183306401978e+00, 2.220054775845721e+00, 1.134183774570350e+06, -7.654556551974078e+05, 7.252071879593760e+05
152, 2.146817390366291e-01, 7.321076812162823e-02, 1.115202942937286e-04, 2.892949235048516e-03, 1.667126188230363e-03, 1.727597519925391e-02, 1.371686855044253e-03, 7.137047487854977e+01, 7.097981698103324e+01, 3.846949449829701e+05, 2.535259110602928e+04, 4.782326066494781e-03, 1.240583754144260e-01, 7.149139155884116e-02, 7.408458437340716e-01, 5.882206322616632e-02, 4.172039101353847e+04, 5.551238752449090e+03, 5.618621066776845e+03, 3.060580897417821e+03, 3.043828310292695e+03, 2.692567329484378e+00, 2.216664784553421e+00, 1.658832863372437e+06, -1.063072550623324e+06, 7.914888062461391e+05
153, 2.152957306174574e-01, 7.382427095908280e-02, 1.106784588568789e-04, 2.918790946699871e-03, 1.677698473097362e-03, 1.731081705788400e-02, 1.351253725969844e-03, 7.156366602754247e+01, 7.117717541779599e+01, 3.856256959704144e+05, 2.525447859721360e+04, 4.736074651607886e-03, 1.248988462505021e-01, 7.179089132197317e-02, 7.407522901315702e-01, 5.782189764434667e-02, 4.170358928138169e+04, 5.533621297863501e+03, 5.598422700100399e+03, 3.062301988569034e+03, 3.045763554633377e+03, 2.697405378349436e+00, 2.215765466553133e+00, 1.677007101162814e+06, -1.287646405988843e+06, 1.112955376001416e+06
154, 2.159097221982835e-01, 7.443777379653511e-02, 1.102094537551941e-04, 2.953020665772319e-03, 1.691656449184747e-03, 1.736148167467730e-02, 1.325670324542973e-03, 7.177755228221525e+01, 7.146984211130722e+01, 3.869341701318891e+05, 2.517156930391212e+04, 4.701359629445998e-03, 1.259711546508543e-01, 7.216336771576017e-02, 7.406131350038339e-01, 5.655098300010560e-02, 4.172633228109735e+04, 5.514856369928284e+03, 5.578050953157200e+03, 3.061915970925973e+03, 3.048789545507965e+03, 2.701763933629096e+00, 2.216982792768905e+00, 1.244370516467172e+06, -7.375556259172128e+05, 6.075103962485661e+05
155, 2.165237137791095e-01, 7.505127663398728e-02, 1.096124117060947e-04, 2.993887807001966e-03, 1.705786950051885e-03, 1.738293329827857e-02, 1.285056393455673e-03, 7.192532347002594e+01, 7.161726345824793e+01, 3.876718165198878e+05, 2.499624911544255e+04, 4.668872474326111e-03, 1.275227883025845e-01, 7.265693377421704e-02, 7.404152279487437e-01, 5.473617750012865e-02, 4.163305238664759e+04, 5.487578002199561e+03, 5.551863882038259e+03, 3.063614400316440e+03, 3.050492775793777e+03, 2.707935705671265e+00, 2.211989957068345e+00, 1.279896510082437e+06, -7.703961540424520e+05, 6.875003502904000e+05
156, 2.171377053599348e-01, 7.566477947143883e-02, 1.085201782424215e-04, 3.009601722217237e-03, 1.711326153891057e-03, 1.739485836315739e-02, 1.270195737648577e-03, 7.202039701893843e+01, 7.172419234649092e+01, 3.880546092267191e+05, 2.489054939236026e+04, 4.618960534926807e-03, 1.280981270572135e-01, 7.283943037352024e-02, 7.403799513725592e-01, 5.406353066178030e-02, 4.156524096622786e+04, 5.472342472947947e+03, 5.534764995837573e+03, 3.065414901891465e+03, 3.052807498232030e+03, 2.712827680279633e+00, 2.208360329453794e+00, 1.164937585281134e+06, -8.899746976540788e+05, 1.022514575545662e+06
157, 2.177516969407601e-01, 7.627828230889039e-02, 1.077706292155215e-04, 3.035033142493198e-03, 1.720161142475114e-03, 1.741543512584946e-02, 1.246848383303404e-03, 7.211918261790163e+01, 7.189008978207762e+01, 3.886713286364896e+05, 2.477639717976376e+04, 4.581062324026924e-03, 1.290117361516357e-01, 7.311978651705711e-02, 7.402869807136067e-01, 5.300043429367354e-02, 4.151074700998062e+04, 5.454210066552847e+03, 5.515819774884289e+03, 3.065607696042881e+03, 3.055869527429250e+03, 2.717600213375250e+00, 2.205443523299360e+00, 1.041176041629624e+06, -6.593418433847292e+05, 8.070465842548324e+05
158, 2.183656885215854e-01, 7.689178514634194e-02, 1.068359765951884e-04, 3.065478908718091e-03, 1.728418900670713e-03, 1.740772820426325e-02, 1.210641512334995e-03, 7.214129499357225e+01, 7.192861938167530e+01, 3.887247810282167e+05, 2.457519609335609e+04, 4.542519088087627e-03, 1.303399557037334e-01, 7.348999933100955e-02, 7.401527104275891e-01, 5.147481544958015e-02, 4.134492875850718e+04, 5.428243297501925e+03, 5.491192354074354e+03, 3.067348846253923e+03, 3.058306171142026e+03, 2.724212385408915e+00, 2.196568049215211e+00, 1.263511340873913e+06, -7.944996214665780e+05, 8.806197120474381e+05
159, 2.189796801024116e-01, 7.750528798379440e-02, 1.051467002576904e-04, 3.065027167827641e-03, 1.726289345355323e-03, 1.737088921796708e-02, 1.201016374655726e-03, 7.204367641813958e+01, 7.185367607030956e+01, 3.879962263364555e+05, 2.441994101042487e+04, 4.480358269745782e-03, 1.306024800085696e-01, 7.355813093022923e-02, 7.401830677502822e-01, 5.117596304117324e-02, 4.114575012040072e+04, 5.412939457181768e+03, 5.475797337162632e+03, 3.069820361759692e+03, 3.061724343267732e+03, 2.730423399429055e+00, 2.185906949939821e+00, 1.461188884241124e+06, -1.058632378854778e+06, 1.212535569459711e+06
160, 2.195936716832384e-01, 7.811879082124745e-02, 1.035085593101229e-04, 3.069343896390961e-03, 1.724977198947419e-03, 1.732207162237739e-02, 1.182911380088574e-03, 7.188778504765368e+01, 7.174412656995973e+01, 3.870423729503933e+05, 2.422346640705390e+04, 4.422911075975145e-03, 1.311527781451465e-01, 7.370811467069643e-02, 7.401705032711728e-01, 5.054569283700897e-02, 4.090084548619526e+04, 5.393696327319677e+03, 5.457615571325132e+03, 3.071758343790345e+03, 3.065619830450144e+03, 2.737232331769965e+00, 2.172798352335734e+00, 1.442281180740873e+06, -1.009379838980645e+06, 1.281546039992939e+06
161, 2.202076632640656e-01, 7.873229365870087e-02, 1.017426758257624e-04, 3.070838312711584e-03, 1.721608262221737e-03, 1.725341218831767e-02, 1.162787699874297e-03, 7.164814919382934e+01, 7.156118649247433e+01, 3.856528817124931e+05, 2.399467274744410e+04, 4.364692293178113e-03, 1.317368961284431e-01, 7.385583535132730e-02, 7.401597667662987e-01, 4.988280946075282e-02, 4.060028269505299e+04, 5.373058469807529e+03, 5.438675569835278e+03, 3.073657362249142e+03, 3.069926720909925e+03, 2.744551279082620e+00, 2.156710634368993e+00, 1.371671607992978e+06, -9.111547741204387e+05, 1.322455083784588e+06
162, 2.208279426328603e-01, 7.935207927898044e-02, 9.960472379464845e-05, 3.066557146781577e-03, 1.714743446683474e-03, 1.715436613818120e-02, 1.141114520069492e-03, 7.128685343164082e+01, 7.126924415133919e+01, 3.835928133305092e+05, 2.371396861446169e+04, 4.297681437472476e-03, 1.323138624814884e-01, 7.398666248030986e-02, 7.401657081612106e-01, 4.923608543951868e-02, 4.020997274500997e+04, 5.350026404234127e+03, 5.417921660684338e+03, 3.075839930650401e+03, 3.075080136594493e+03, 2.753052911820427e+00, 2.135819171483514e+00, 1.464344089068498e+06, -1.050848057338857e+06, 1.411672521988565e+06
163, 2.214867247063483e-01, 8.001033695541925e-02, 9.653665793633069e-05, 3.039437533455360e-03, 1.697286218602664e-03, 1.697427986144246e-02, 1.123270234416460e-03, 7.057832312578321e+01, 7.071284403810421e+01, 3.797221018572255e+05, 2.333223217606538e+04, 4.209910413401607e-03, 1.325481946082769e-01, 7.401771595336404e-02, 7.402389835766877e-01, 4.898519544826976e-02, 3.959009762112241e+04, 5.323391126903241e+03, 5.397095257487964e+03, 3.077881748129554e+03, 3.083748130928655e+03, 2.764554602426688e+00, 2.102640160436265e+00, 1.700916777209123e+06, -1.252008295059708e+06, 1.483680184156010e+06
164, 2.222033280383830e-01, 8.072636986411090e-02, 9.327140083376385e-05, 3.012729770865172e-03, 1.678922390736942e-03, 1.677791392919321e-02, 1.100703009164740e-03, 6.981777496192751e+01, 7.007709137266718e+01, 3.755007095667790e+05, 2.290600321168971e+04, 4.115482346215803e-03, 1.329328826958721e-01, 7.408032256381722e-02, 7.403041871858254e-01, 4.856712520826945e-02, 3.892419760903748e+04, 5.294400770911026e+03, 5.372707963875477e+03, 3.080620830601557e+03, 3.092062838558371e+03, 2.776708569451478e+00, 2.066997652766709e+00, 1.774797856484929e+06, -1.264693996534205e+06, 1.425968296725118e+06
165, 2.229759888227050e-01, 8.149841560280313e-02, 8.894608932979436e-05, 2.961596485236098e-03, 1.648601792567574e-03, 1.648647920492673e-02, 1.080081829927276e-03, 6.860453249566716e+01, 6.915459549782561e+01, 3.691455930430400e+05, 2.235045565229145e+04, 3.994757306088083e-03, 1.330115723605927e-01, 7.404219910411718e-02, 7.404427080695644e-01, 4.850876315963771e-02, 3.800451195046387e+04, 5.261919498583919e+03, 5.346313812270121e+03, 3.081174894622624e+03, 3.105879389370379e+03, 2.791849343835882e+00, 2.017771188516233e+00, 2.151634084057966e+06, -1.569908765414773e+06, 1.472482164230510e+06
166, 2.238153296764035e-01, 8.233708833287685e-02, 8.388925900218441e-05, 2.895316936661937e-03, 1.609561162341182e-03, 1.610430227689279e-02, 1.052150872780640e-03, 6.712757329541427e+01, 6.779404489832827e+01, 3.608072025824182e+05, 2.164895721895179e+04, 3.857825170021209e-03, 1.331472787613045e-01, 7.401907751511687e-02, 7.405904332497338e-01, 4.838538530382349e-02, 3.682532928508819e+04, 5.220781588886744e+03, 5.314986404090850e+03, 3.087003568058092e+03, 3.117652675648363e+03, 2.810841846669515e+00, 1.954655065327006e+00, 2.403618901503185e+06, -1.780132890352356e+06, 1.553076895451125e+06
167, 2.247263668430166e-01, 8.324740030489064e-02, 7.861820122690191e-05, 2.833767573929638e-03, 1.570104157113090e-03, 1.570202631918623e-02, 1.013893792049432e-03, 6.546881495092030e+01, 6.644630980569103e+01, 3.520471534048403e+05, 2.087170755695511e+04, 3.708683861929009e-03, 1.336783073878618e-01, 7.406707172334058e-02, 7.407171710973189e-01, 4.782876592954977e-02, 3.558641665659236e+04, 5.173783112935192e+03, 5.274971128349627e+03, 3.088383271035860e+03, 3.134494977185737e+03, 2.831408997895155e+00, 1.888341877067985e+00, 2.872918858506747e+06, -2.041017488519976e+06, 1.617413680847456e+06
168, 2.257133683504263e-01, 8.423361614933411e-02, 7.279440239305366e-05, 2.749465561318952e-03, 1.518636944639928e-03, 1.518572696365194e-02, 9.706978580364256e-04, 6.347746857876081e+01, 6.454479833271081e+01, 3.407874062921501e+05, 1.994563008036364e+04, 3.551410440436626e-03, 1.341377960267566e-01, 7.408953055629000e-02, 7.408639608459756e-01, 4.735730213054117e-02, 3.402608125747886e+04, 5.114989557904286e+03, 5.232478440596868e+03, 3.096866479181522e+03, 3.148938148251620e+03, 2.857750847106924e+00, 1.804824433877296e+00, 2.753649704340961e+06, -2.092461965047761e+06, 1.710058040521827e+06
169, 2.267846657386780e-01, 8.530406077426431e-02, 6.684315872882422e-05, 2.677801279868253e-03, 1.471876421975840e-03, 1.471249133776394e-02, 9.251587592980148e-04, 6.149043356074667e+01, 6.293737708906512e+01, 3.304376916725863e+05, 1.902962530557029e+04, 3.366706112859365e-03, 1.348734875700519e-01, 7.413436829553607e-02, 7.410277351372503e-01, 4.659770288430235e-02, 3.261515772146242e+04, 5.059589155596087e+03, 5.179125629150316e+03, 3.097104064025431e+03, 3.169982631023064e+03, 2.882489740274912e+00, 1.729304307670708e+00, 3.059690227000024e+06, -2.419643419828735e+06, 2.008948038981557e+06
170, 2.279497513631443e-01, 8.646821897904511e-02, 5.990902048272559e-05, 2.563286574359674e-03, 1.403850895170869e-03, 1.404305795338212e-02, 8.750530300354106e-04, 5.869808895644729e+01, 6.052962490002837e+01, 3.156996721073608e+05, 1.787622405184762e+04, 3.162233967532000e-03, 1.353003572524797e-01, 7.410077731682448e-02, 7.412478873863406e-01, 4.618874407682325e-02, 3.073098055623243e+04, 4.995265134012663e+03, 5.122957098935106e+03, 3.098316234043822e+03, 3.194991912044899e+03, 2.912994765486812e+00, 1.628453132053148e+00, 2.178659676303498e+06, -1.296874476818274e+06, 1.031157220123394e+06
171, 2.292163017824567e-01, 8.773376121169130e-02, 5.346555234297251e-05, 2.439208602503386e-03, 1.332570369873115e-03, 1.335091862622649e-02, 8.295126868486999e-04, 5.593097463837293e+01, 5.791028760954151e+01, 3.004563855912508e+05, 1.674193154637156e+04, 2.969372148239285e-03, 1.354688723976351e-01, 7.400835058220889e-02, 7.414838935510744e-01, 4.606951132084242e-02, 2.879493052392205e+04, 4.924985427112875e+03, 5.069807786406386e+03, 3.106296877841791e+03, 3.216224046863346e+03, 2.947496622626731e+00, 1.524825444903526e+00, 1.770248043404845e+06, -1.103788162220904e+06, 1.010141504903392e+06
172, 2.305933958106166e-01, 8.910975905937840e-02, 4.746520406517097e-05, 2.325895761208937e-03, 1.265542155641180e-03, 1.269032069499750e-02, 7.805768993317558e-04, 5.327232870376084e+01, 5.532822413537657e+01, 2.858377496685733e+05, 1.564066923130850e+04, 2.774152946321593e-03, 1.359393835099787e-01, 7.396592027595057e-02, 7.416989190114084e-01, 4.562162425634068e-02, 2.703161745275420e+04, 4.864513508146646e+03, 5.010524877095781e+03, 3.113556352313097e+03, 3.233715287290286e+03, 2.977089028792335e+00, 1.430443557950035e+00, 1.468623044387710e+06, -8.954776179651018e+05, 9.047037159850752e+05
173, 2.320911820755517e-01, 9.060635307162615e-02, 4.213241872944672e-05, 2.219287109877142e-03, 1.202545495158686e-03, 1.207138936176593e-02, 7.353312462064087e-04, 5.077414156638742e+01, 5.290395841088013e+01, 2.721379286922517e+05, 1.462037897831871e+04, 2.589467935343990e-03, 1.363978851357191e-01, 7.390871671769013e-02, 7.419103063622264e-01, 4.519362384902029e-02, 2.538740202046578e+04, 4.803289219414185e+03, 4.951489840719733e+03, 3.120590165379838e+03, 3.251489187873290e+03, 3.007438954341263e+00, 1.342436409591150e+00, 1.329619502009858e+06, -8.032914326582088e+05, 8.290405473804696e+05
174, 2.337207809418026e-01, 9.223465476105469e-02, 3.721590649146190e-05, 2.100503424565278e-03, 1.133448141811909e-03, 1.139178877535266e-02, 6.876120490105335e-04, 4.832119490296198e+01, 4.996588811831814e+01, 2.571332581112221e+05, 1.356196115957837e+04, 2.424399264630028e-03, 1.368355479675668e-01, 7.383753616576545e-02, 7.421086017647264e-01, 4.479391483731127e-02, 2.356683115565609e+04, 4.725160173977762e+03, 4.894081385015508e+03, 3.147844038560820e+03, 3.254986209685048e+03, 3.046241606992476e+00, 1.244989781217049e+00, 9.478540242696073e+05, -6.341859362103088e+05, 9.293355719358473e+05
175, 2.354945224501510e-01, 9.400698435361138e-02, 3.429701559350328e-05, 2.045359790084111e-03, 1.099392555656669e-03, 1.105653755157397e-02, 6.604664999709750e-04, 4.678603860047141e+01, 4.867943397311619e+01, 2.495716363226689e+05, 1.299351966064234e+04, 2.302422973581032e-03, 1.373088383474564e-01, 7.380428393913561e-02, 7.422461000317315e-01, 4.433835470809544e-02, 2.281720569000109e+04, 4.713191274048022e+03, 4.852019067972494e+03, 3.140834508556466e+03, 3.267941690584139e+03, 3.052607769438532e+00, 1.204865842301284e+00, 8.171845488784538e+05, -6.615967669488601e+05, 8.502632396983802e+05
176, 2.374251109405689e-01, 9.593603607648776e-02, 3.158764596568962e-05, 1.966710173342369e-03, 1.052669783152836e-03, 1.059320713683277e-02, 6.256273963951309e-04, 4.480758938697767e+01, 4.681272753541212e+01, 2.392232174348508e+05, 1.230939015289014e+04, 2.213600838002432e-03, 1.378232266040763e-01, 7.376905251686057e-02, 7.423513680220656e-01, 4.384275201899512e-02, 2.171401014849866e+04, 4.680611104519376e+03, 4.816183667975613e+03, 3.140028779720345e+03, 3.280544964133273e+03, 3.068356530709033e+00, 1.145816953826410e+00, 6.221738562714448e+05, -3.165330046052065e+05, 4.938999728902958e+05
177, 2.395243380547313e-01, 9.803359218509550e-02, 2.903163928443456e-05, 1.896249592175605e-03, 1.008083113702699e-03, 1.015318051331198e-02, 5.883978826596972e-04, 4.304510794754226e+01, 4.489240427697136e+01, 2.293711968608205e+05, 1.164431152712246e+04, 2.122980683283374e-03, 1.386659986861707e-01, 7.371753818539740e-02, 7.424660348135188e-01, 4.302744763162980e-02, 2.068844743574162e+04, 4.650785713082277e+03, 4.775988944771388e+03, 3.147735881779013e+03, 3.282822102204083e+03, 3.081780897019993e+00, 1.090923386936985e+00, 6.243821001883444e+05, -3.685788682057045e+05, 4.131638092188657e+05
178, 2.418089104840787e-01, 1.003163460721834e-01, 2.707265182135228e-05, 1.823330404576352e-03, 9.625477453087904e-04, 9.706252975217574e-03, 5.522187951251071e-04, 4.134623550192983e+01, 4.289284070854671e+01, 2.194247656943634e+05, 1.101530990227681e+04, 2.071132783913065e-03, 1.394898217486448e-01, 7.363756622534881e-02, 7.425552132307776e-01, 4.224626601131579e-02, 1.959892461949578e+04, 4.606469211282775e+03, 4.744756383421422e+03, 3.163101435519430e+03, 3.281421013827916e+03, 3.101959532839685e+00, 1.032606335383536e+00, 4.449590624146222e+05, -1.874968516653147e+05, 4.547414551613191e+05
179, 2.442914626757913e-01, 1.027969221277867e-01, 2.628069713947136e-05, 1.809293583716040e-03, 9.450598631302474e-04, 9.547769741768634e-03, 5.280784480678088e-04, 4.066644383197296e+01, 4.207373624198384e+01, 2.157354764019173e+05, 1.074436051756852e+04, 2.044159238669305e-03, 1.407300641604150e-01, 7.350843244610002e-02, 7.426424657894821e-01, 4.107487836533374e-02, 1.935782235319831e+04, 4.621405001558533e+03, 4.722478941200082e+03, 3.163108133006934e+03, 3.272569832830426e+03, 3.090771487804361e+00, 1.019701260718124e+00, 2.976355873045194e+05, -1.581199980119791e+05, 3.706298053203503e+05
180, 2.469890960540022e-01, 1.054924081631355e-01, 2.640331011430569e-05, 1.787215378430739e-03, 9.171077303721307e-04, 9.302912540594323e-03, 4.919287319663952e-04, 3.962000464635538e+01, 4.080116125912426e+01, 2.100865716107330e+05, 1.043151305088739e+04, 2.107953169441565e-03, 1.426853794137186e-01, 7.321885546122670e-02, 7.427138449719777e-01, 3.927396698363558e-02, 1.895563067373834e+04, 4.637443146313741e+03, 4.719609198640494e+03, 3.163130456219714e+03, 3.257430103298586e+03, 3.074982492459966e+00, 9.981738245270659e-01, 1.780934870879018e+05, -4.065460200686623e+04, 2.207651233328602e+05
181, 2.499159038598824e-01, 1.084168862010416e-01, 2.716926674820718e-05, 1.776984485646348e-03, 8.919040319427151e-04, 9.109238324080402e-03, 4.575331717243072e-04, 3.876294900346937e+01, 3.975063551514594e+01, 2.055750390739276e+05, 1.019897989136964e+04, 2.215578976721481e-03, 1.449081973704011e-01, 7.273232070408375e-02, 7.428333311980132e-01, 3.731057175078033e-02, 1.866273551198563e+04, 4.654917587719631e+03, 4.725006307827017e+03, 3.161011877270509e+03, 3.241554995755898e+03, 3.056981297139150e+00, 9.824965188359895e-01, 2.258742505302792e+05, 5.863627357388256e+04, 1.091173683501593e+05
182, 2.530862646014175e-01, 1.115847233040559e-01, 2.847416149157290e-05, 1.777138814732454e-03, 8.672762035989685e-04, 8.952024899929131e-03, 4.230183086915543e-04, 3.807635204178229e+01, 3.878747614240742e+01, 2.018396161801211e+05, 1.002568980384157e+04, 2.363406481172254e-03, 1.475057094806638e-01, 7.198548063158586e-02, 7.430341249686852e-01, 3.511127843789292e-02, 1.846855948053509e+04, 4.678365025589733e+03, 4.738342841450489e+03, 3.160405521390953e+03, 3.219430097367760e+03, 3.034244596800975e+00, 9.721031856559068e-01, 2.599048988424065e+05, 2.469567991235145e+04, 1.114573165781176e+05
183, 2.565131612903392e-01, 1.150088921493043e-01, 3.107136132429411e-05, 1.803078603935268e-03, 8.502581110308771e-04, 8.905485112472692e-03, 3.914325891663416e-04, 3.775848660686629e+01, 3.824560668598763e+01, 2.004743320445172e+05, 1.002104675558814e+04, 2.593315789937867e-03, 1.504907417889161e-01, 7.096527769882680e-02, 7.432804413746334e-01, 3.267022334768583e-02, 1.861587688324140e+04, 4.729717309284256e+03, 4.768731276107424e+03, 3.151444782214364e+03, 3.192101391353450e+03, 2.995718794789400e+00, 9.799883959885789e-01, 2.890409561539594e+05, -7.986112952724306e+03, 8.301803684759034e+04
184, 2.602050217499423e-01, 1.186978138514507e-01, 3.486766772328658e-05, 1.832234844286027e-03, 8.260196259621594e-04, 8.843096046727408e-03, 3.553679718644818e-04, 3.733179656596194e+01, 3.761425981660826e+01, 1.987156461445343e+05, 1.001934136670683e+04, 2.932129260489102e-03, 1.540782550084587e-01, 6.946252712521883e-02, 7.436431044858224e-01, 2.988398412001097e-02, 1.873358642062369e+04, 4.780513509482802e+03, 4.809867113718429e+03, 3.139345422423507e+03, 3.163098624639548e+03, 2.954662378090906e+00, 9.862888360137897e-01, 3.917742666817748e+05, -5.966310200796105e+04, 3.728593446025755e+04
185, 2.641637952742093e-01, 1.226534361528205e-01, 3.799587856901288e-05, 1.865737599914717e-03, 8.063160276563218e-04, 8.825812367079517e-03, 3.257460912409281e-04, 3.712632279936226e+01, 3.722054304017229e+01, 1.980026250696201e+05, 1.004298240638633e+04, 3.203265415857221e-03, 1.572921315141085e-01, 6.797695810485299e-02, 7.440654246475884e-01, 2.746222031759284e-02, 1.889842706101608e+04, 4.821371263136873e+03, 4.841169605679077e+03, 3.129956993233917e+03, 3.137900287354944e+03, 2.920925998719067e+00, 9.951119831572246e-01, 3.237419007158363e+05, -6.222207971379170e+04, 5.299370001623167e+04
186, 2.683768577374415e-01, 1.268631449766438e-01, 4.413393292298944e-05, 1.915496924927966e-03, 7.800006436813657e-04, 8.830776233482248e-03, 2.896829365798513e-04, 3.690349764173074e+01, 3.680040765440750e+01, 1.976401343819457e+05, 1.015033083546014e+04, 3.721213787065952e-03, 1.615077808397948e-01, 6.576683646690079e-02, 7.445791501942267e-01, 2.442501871201189e-02, 1.923317257113703e+04, 4.888919371422603e+03, 4.898037269785083e+03, 3.111569604616657e+03, 3.102877429305539e+03, 2.869242924446659e+00, 1.013029341912751e+00, 2.901972227672779e+05, -8.373779222072008e+04, 7.086045194716507e+04
187, 2.727793361934920e-01, 1.312621190162810e-01, 5.144064694120982e-05, 1.969466397856423e-03, 7.495655734876146e-04, 8.842069437388455e-03, 2.531878671997595e-04, 3.665382157367934e+01, 3.643857509725342e+01, 1.974069782504108e+05, 1.026040370181050e+04, 4.335228197133338e-03, 1.659793717418007e-01, 6.317062484649037e-02, 7.451770346081851e-01, 2.133774060639047e-02, 1.956944790365356e+04, 4.951967480734504e+03, 4.955534459079877e+03, 3.089049035493560e+03, 3.070908855510954e+03, 2.818855264828341e+00, 1.031028584893354e+00, 3.480679561030714e+05, -1.505445557278992e+05, 8.941631558589012e+04
188, 2.772000755754640e-01, 1.356793394459619e-01, 5.790907024996762e-05, 2.014517493966762e-03, 7.221868749536087e-04, 8.853401199137280e-03, 2.241593707638275e-04, 3.646109116387779e+01, 3.616971230854758e+01, 1.972757562251541e+05, 1.033636884916037e+04, 4.877714073742493e-03, 1.696839595197546e-01, 6.083021310181191e-02, 7.457270414308667e-01, 1.888107187382436e-02, 1.981850632011045e+04, 4.995415619354286e+03, 4.997802440394307e+03, 3.071138540929245e+03, 3.046595533464263e+03, 2.781527253308118e+00, 1.044359514999419e+00, 2.710440170584486e+05, -1.229217534260284e+05, 8.665344634976574e+04
189, 2.816208149574442e-01, 1.400965598756510e-01, 6.421434116223292e-05, 2.059554235590140e-03, 7.003842268424129e-04, 8.895222968703957e-03, 2.015141180315798e-04, 3.641541689703480e+01, 3.607693743418975e+01, 1.978763576646281e+05, 1.043665934307842e+04, 5.386707012059616e-03, 1.727684975314431e-01, 5.875267981550038e-02, 7.461878308195223e-01, 1.690428482147451e-02, 2.010872220761095e+04, 5.033505819319508e+03, 5.033046041337301e+03, 3.054756585460395e+03, 3.026362777115633e+03, 2.749548205291301e+00, 1.059893411693123e+00, 5.134561095737782e+05, -3.188115673603484e+05, 2.003636814285830e+05
190, 2.860415543394000e-01, 1.445137803053158e-01, 6.935146254014581e-05, 2.098775248310279e-03, 6.821038938399579e-04, 8.939923932389722e-03, 1.837583512810008e-04, 3.641292648441832e+01, 3.607996894659055e+01, 1.986128315955765e+05, 1.051458241329985e+04, 5.791879662625315e-03, 1.752789808877207e-01, 5.696583065198155e-02, 7.466167505761226e-01, 1.534655822154993e-02, 2.034182542796065e+04, 5.057647583192445e+03, 5.056427739986425e+03, 3.041021495973338e+03, 3.013214584320305e+03, 2.726953260615190e+00, 1.072370334907314e+00, 2.177247718547997e+05, -1.689762598244458e+05, 1.489470973977275e+05
191, 2.904622937213857e-01, 1.489310007350103e-01, 7.552165369737555e-05, 2.137729901960358e-03, 6.603844270063224e-04, 8.976864971742696e-03, 1.657388789395347e-04, 3.639940295011535e+01, 3.601098987262569e+01, 1.991703538064894e+05, 1.058224558143249e+04, 6.284965575320434e-03, 1.779033983682599e-01, 5.495766031347748e-02, 7.470610687072826e-01, 1.379290703565956e-02, 2.055829262289137e+04, 5.080934608819548e+03, 5.080320880709865e+03, 3.029184125395310e+03, 2.996860113651488e+03, 2.703903898761702e+00, 1.083956809626496e+00, 1.698836841949149e+05, -8.604108738755640e+04, 7.867678980340686e+04
192, 2.948830331033522e-01, 1.533482211646858e-01, 8.440591226243794e-05, 2.179839242180044e-03, 6.322489176418343e-04, 9.007200295704702e-03, 1.460320702321988e-04, 3.626856354607430e+01, 3.589716779583233e+01, 1.995268255903703e+05, 1.066034509991893e+04, 7.004799046400502e-03, 1.809036290900238e-01, 5.246998103184001e-02, 7.475024716979257e-01, 1.211911913380997e-02, 2.081415601380603e+04, 5.114788012781357e+03, 5.112845636370953e+03, 3.009907630071497e+03, 2.979085706258349e+03, 2.673477755952717e+00, 1.097651978131571e+00, 1.743051288752712e+05, -8.256546864314542e+04, 7.486865263381091e+04
193, 2.993037724853487e-01, 1.577654415943912e-01, 9.297641373773126e-05, 2.216251170888433e-03, 6.069584706972986e-04, 9.034777175753945e-03, 1.300108644449498e-04, 3.618198880963782e+01, 3.577428737944484e+01, 1.998701005921139e+05, 1.073055109843132e+04, 7.696102400566495e-03, 1.834497080587116e-01, 5.024085524049415e-02, 7.478517133070054e-01, 1.076162099322243e-02, 2.104227485756136e+04, 5.144267896087771e+03, 5.141217182575914e+03, 2.994956244716075e+03, 2.961208847613048e+03, 2.646987562417340e+00, 1.109862111020234e+00, 1.834284910827882e+05, -1.069325881372559e+05, 1.011920649416911e+05
194, 3.037245118673154e-01, 1.621826620240668e-01, 9.951734261462554e-05, 2.253689030305079e-03, 5.865053066209706e-04, 9.088003117996579e-03, 1.177258379799852e-04, 3.619492186809639e+01, 3.589094513776527e+01, 2.008429568052481e+05, 1.079245667674477e+04, 8.193802563540124e-03, 1.855584410593187e-01, 4.829016288679040e-02, 7.482645867470865e-01, 9.693006743264331e-03, 2.124825210393848e+04, 5.156457040720495e+03, 5.154147729316291e+03, 2.980124225567462e+03, 2.955096172699442e+03, 2.631187236060209e+00, 1.120887107942466e+00, 2.600008201002625e+05, -1.832169938383388e+05, 1.419818107575500e+05
195, 3.081452512492900e-01, 1.665998824537504e-01, 1.085046270330952e-04, 2.276248260930599e-03, 5.584627752238378e-04, 9.072475279853101e-03, 1.045498599321513e-04, 3.593499051320966e+01, 3.566190889205642e+01, 2.002960872476630e+05, 1.079638744868161e+04, 8.952349115578779e-03, 1.878055310891426e-01, 4.607687126866830e-02, 7.485391938440576e-01, 8.626054682552833e-03, 2.133431818455948e+04, 5.175766129846314e+03, 5.175937750250696e+03, 2.964874303850113e+03, 2.942343264608198e+03, 2.610017846498561e+00, 1.125493821988045e+00, 1.079904310512797e+05, -8.545540335480355e+04, 1.068056359800423e+05
196, 3.125659906312512e-01, 1.710171028834206e-01, 1.168946471331782e-04, 2.297752670602674e-03, 5.316927926305958e-04, 9.061839359689740e-03, 9.313707571079172e-05, 3.572622179517349e+01, 3.547061847084164e+01, 1.998822929478463e+05, 1.078964801571796e+04, 9.659663615201253e-03, 1.898762553572259e-01, 4.393677255030412e-02, 7.488308669075808e-01, 7.696441569687796e-03, 2.140206401345820e+04, 5.188908773478154e+03, 5.191316513755697e+03, 2.952259091815135e+03, 2.931137148317072e+03, 2.592657794739174e+00, 1.129119938795796e+00, 6.001434397361032e+04, -5.451252812757467e+04, 9.302085611021271e+04
197, 3.169867300132315e-01, 1.754343233131097e-01, 1.259859722231333e-04, 2.317234883714603e-03, 5.059268242738460e-04, 9.049778004324119e-03, 8.313866910695664e-05, 3.551078191499317e+01, 3.527688807779547e+01, 1.994579845843801e+05, 1.078528754034584e+04, 1.042752037528665e-02, 1.917913045228875e-01, 4.187420373417499e-02, 7.490258071333376e-01, 6.881164234313229e-03, 2.147432729668765e+04, 5.203648704210953e+03, 5.207131730316743e+03, 2.939131995625145e+03, 2.919773231232602e+03, 2.574801734719649e+00, 1.132987853767999e+00, 4.842600645348999e+04, -3.429024794043584e+04, 6.677512542758507e+04
198, 3.214074693951982e-01, 1.798515437427853e-01, 1.346622055203976e-04, 2.338376907826266e-03, 4.839342982804661e-04, 9.056035168195265e-03, 7.504729388185496e-05, 3.539195239540737e+01, 3.516616702744508e+01, 1.994618777238973e+05, 1.079879657100980e+04, 1.114010449052730e-02, 1.934452431604865e-01, 4.003408847018920e-02, 7.491721797791578e-01, 6.208384099639138e-03, 2.157999493587049e+04, 5.216867959764601e+03, 5.219990384454922e+03, 2.927844871431910e+03, 2.909166485898183e+03, 2.558944869849896e+00, 1.138643747403150e+00, 6.692430428738125e+04, -2.041685056236745e+04, 4.948258007455364e+04
199, 3.258282087771701e-01, 1.842687641724662e-01, 1.425306998135317e-04, 2.361355563624298e-03, 4.660506652452535e-04, 9.081832624315018e-03, 6.878690916586186e-05, 3.535553478450340e+01, 3.517788537003492e+01, 1.999258096276249e+05, 1.082830152656234e+04, 1.175941882358797e-02, 1.948223723057274e-01, 3.845125978333559e-02, 7.492917220975165e-01, 5.675226989832518e-03, 2.171036794028844e+04, 5.226039992559147e+03, 5.228650028797962e+03, 2.916989405137521e+03, 2.902332535626370e+03, 2.546442724870338e+00, 1.145622003485952e+00, 3.728676847532763e+05, 9.058029392353850e+04, 2.293854014543162e+05
200, 3.302489481591422e-01, 1.886859846021472e-01, 1.485761542304612e-04, 2.378504959198668e-03, 4.484733679179917e-04, 9.092469701236469e-03, 6.341486666437999e-05, 3.531396814294969e+01, 3.515322279393160e+01, 2.000827159508944e+05, 1.081607008250437e+04, 1.224719949771099e-02, 1.960612380396959e-01, 3.696786227070008e-02, 7.494963840913920e-01, 5.227316100500961e-03, 2.175246031900744e+04, 5.224361757729092e+03, 5.228594264481891e+03, 2.910946343594646e+03, 2.897696031874368e+03, 2.540028773779553e+00, 1.147875011301081e+00, 6.594852040259648e+05, 6.927054418453612e+04, 1.980389479766982e+05
201, 3.409196875411215e-01, 1.931032050318336e-01, 1.687654672247260e-05, 2.814167410686818e-04, 4.839723007511769e-05, 1.066904647904027e-03, 6.652310164423526e-06, 5.255252976155443e+00, 3.932142527798959e+00, 2.440915229834928e+04, 1.202104813110895e+03, 1.188282113394742e-02, 1.981462708697792e-01, 3.407661755798263e-02, 7.512103812765826e-01, 4.683909161708151e-03, 1.561455796194409e+03, 3.199296550538647e+03, 5.049715578415586e+03, 3.700237504521348e+03, 2.768631942268411e+03, 3.649199212593746e+00, 6.714514120068137e-02, 4.074408587519343e+05, -6.301468253748612e+02, 4.186815410216011e+05
202, 3.471696875411233e-01, 1.931032050318336e-01, 4.741266783022184e-06, 7.956977420385380e-05, 1.353047739174472e-05, 3.013825637562156e-04, 1.853954942698356e-06, 1.711498190875879e+00, 8.351843248563442e-01, 6.967469252638753e+03, 3.372860842708780e+02, 1.182130743824704e-02, 1.983897567257509e-01, 3.373527378944727e-02, 7.514312325657304e-01, 4.622429480824345e-03, 3.666332138445333e+02, 2.659713616307654e+03, 5.027876631612805e+03, 4.267244856753447e+03, 2.082348689402033e+03, 4.111796125740756e+00, 3.191886534375011e-03, 5.530543932149773e+05, -1.109488205442885e+05, 3.271574797130071e+05
203, 3.534196875411142e-01, 1.931032050318336e-01, 2.312162299737756e-06, 3.909038073587929e-05, 6.544948233632515e-06, 1.478746335438085e-04, 8.941081915392375e-07, 9.034856438275328e-01, 2.759044517794713e-01, 3.432966105007639e+03, 1.642177779853731e+02, 1.175379512113634e-02, 1.987145653351635e-01, 3.327101243078175e-02, 7.517154598032214e-01, 4.545167309697019e-03, 1.641817722205869e+02, 2.427925595333242e+03, 5.003387900899924e+03, 4.592837256122214e+03, 1.402550504172288e+03, 4.352033802126515e+00, -7.644390579063199e-03, 4.094174250747013e+05, -2.165476258327722e+05, 3.219562071259284e+05
204, 3.596696875410871e-01, 1.931032050318336e-01, 2.255499649023366e-06, 3.917907972294315e-05, 6.229040621822674e-06, 1.476208204304962e-04, 8.439365026053394e-07, 9.224056835687064e-01, 1.741945564175382e-01, 3.416842792863624e+03, 1.597002939289372e+02, 1.150011887297742e-02, 1.997624226378401e-01, 3.176001718580798e-02, 7.526744612051915e-01, 4.302980098182974e-03, 1.695555635460079e+02, 2.513468543165166e+03, 4.921186682936379e+03, 4.703071009008272e+03, 8.881660020185218e+02, 4.261550644250351e+00, -7.356756707528622e-03, 2.902522043391180e+05, -2.214874847049858e+05, 3.460997448726906e+05
205, 3.659196875410600e-01, 1.931032050318336e-01, 2.601791454137229e-06, 4.605249454055516e-05, 7.092379214196823e-06, 1.731173951643533e-04, 9.560607777579801e-07, 1.089196531906010e+00, 1.582509786981334e-01, 4.003892690565352e+03, 1.841296025472962e+02, 1.132099069962527e-02, 2.003849545893196e-01, 3.086056685844693e-02, 7.532734483705569e-01, 4.160039482051322e-03, 1.985920170557756e+02, 2.511530693109476e+03, 4.868338586616020e+03, 4.739343650377625e+03, 6.885862643600148e+02, 4.264945282302294e+00, -5.802571397217200e-03, 2.030520009873850e+05, -2.096256983300593e+05, 3.470597515527189e+05
206, 3.721696875410329e-01, 1.931032050318336e-01, 2.470178506187120e-06, 4.423708836747250e-05, 6.695939310090224e-06, 1.660929959711130e-04, 9.002112427037668e-07, 1.051850403450034e+00, 1.095033346901790e-01, 3.842233172905188e+03, 1.749148317884699e+02, 1.120788885856885e-02, 2.007160084210378e-01, 3.038134426448954e-02, 7.536102489630933e-01, 4.084509492810586e-03, 1.879298619026353e+02, 2.477934500806598e+03, 4.837559136467446e+03, 4.772538659931057e+03, 4.968471718850034e+02, 4.301624631470907e+00, -6.373266606592461e-03, 1.421597321588545e+05, -1.777061420450067e+05, 3.116187750769212e+05
207, 3.784196875410311e-01, 1.931032050318336e-01, 2.459897242646663e-06, 4.444570812835547e-05, 6.653519776645075e-06, 1.667511764435349e-04, 8.923993277725533e-07, 1.053275683218311e+00, 1.110171826094117e-01, 3.852379234067709e+03, 1.742795172960665e+02, 1.112055699332501e-02, 2.009275110281755e-01, 3.007883605852907e-02, 7.538387901720515e-01, 4.034305747919031e-03, 1.925275532088242e+02, 2.529090516715701e+03, 4.813861383544280e+03, 4.761585997108667e+03, 5.018798692249542e+02, 4.248474213251114e+00, -6.127173732783970e-03, 9.803895849645017e+04, -1.298647993931874e+05, 2.632935509015218e+05
208, 3.846696875410293e-01, 1.931032050318336e-01, 2.661954075392200e-06, 4.868610635704737e-05, 7.169679950882620e-06, 1.824621928405256e-04, 9.596281086405524e-07, 1.147182335851946e+00, 1.100661366588437e-01, 4.203970364209563e+03, 1.888548899531868e+02, 1.100255807992467e-02, 2.012325148020745e-01, 2.963417769047536e-02, 7.541643534261632e-01, 3.966396001362389e-03, 2.201301087003127e+02, 2.643495983429225e+03, 4.783976180214261e+03, 4.741607075477071e+03, 4.549323643171526e+02, 4.133860158849640e+00, -4.649738265071074e-03, 7.822713684802619e+04, -9.704460929157060e+04, 2.161722572060528e+05
209, 3.909196875410275e-01, 1.931032050318336e-01, 2.849558605561975e-06, 5.271665558885851e-05, 7.646399111917332e-06, 1.973727130025959e-04, 1.021314424756298e-06, 1.237605969981032e+00, 1.059778294342585e-01, 4.539097393826304e+03, 2.024220986880316e+02, 1.089253161758522e-02, 2.015111521672836e-01, 2.922861243305060e-02, 7.544636957573150e-01, 3.904008024765602e-03, 2.446347771837394e+02, 2.716598031996472e+03, 4.755909638717183e+03, 4.730789579767925e+03, 4.051037433034496e+02, 4.064489661891516e+00, -3.338118174202142e-03, 6.310673071219320e+04, -8.374232647900922e+04, 1.881711252447399e+05
210, 3.971696875410292e-01, 1.931032050318336e-01, 2.969177365306467e-06, 5.550597621624487e-05, 7.942065353822588e-06, 2.076341453938812e-04, 1.058571269070829e-06, 1.301322284384664e+00, 9.481852738581675e-02, 4.770573710974894e+03, 2.111463198045816e+02, 1.079269405101243e-02, 2.017592570603714e-01, 2.886869693219075e-02, 7.547315401107041e-01, 3.847811845721177e-03, 2.600793557640573e+02, 2.746070027987572e+03, 4.730057044555912e+03, 4.730190065853014e+03, 3.446568630085991e+02, 4.037791537191148e+00, -2.511442246117268e-03, 5.005430429509524e+04, -6.452377606122272e+04, 1.573709645411887e+05
211, 4.034196875410310e-01, 1.931032050318336e-01, 3.147480064335578e-06, 5.947638097394582e-05, 8.391449850797886e-06, 2.222883140774686e-04, 1.115992091443674e-06, 1.390490473191911e+00, 9.129206396684870e-02, 5.100466195440514e+03, 2.240711499758120e+02, 1.069045634861899e-02, 2.020122896981787e-01, 2.850166688840245e-02, 7.550051056335851e-01, 3.790481431214748e-03, 2.832832000135481e+02, 2.794611356610909e+03, 4.703462931341509e+03, 4.722818700351842e+03, 3.100746644503209e+02, 3.994092670842016e+00, -1.269449181668765e-03, 4.291447802189383e+04, -5.265484006566316e+04, 1.357128895406891e+05
212, 4.096696875410328e-01, 1.931032050318336e-01, 3.230394512053827e-06, 6.165510961999081e-05, 8.586317341000405e-06, 2.302431492966332e-04, 1.139450978346114e-06, 1.439991492051456e+00, 8.217808958953833e-02, 5.279792903778828e+03, 2.301953930303500e+02, 1.059651519414041e-02, 2.022444328229278e-01, 2.816530359562039e-02, 7.552560595199086e-01, 3.737688867402818e-03, 2.947670565520294e+02, 2.808101976732033e+03, 4.678781317214761e+03, 4.723538152389578e+03, 2.695650242444643e+02, 3.982769714673540e+00, -6.547721470981512e-04, 3.033199525251684e+04, -6.280291813736630e+04, 1.678435416879869e+05
213, 4.159196875410346e-01, 1.931032050318336e-01, 3.243661770067170e-06, 6.241327951777068e-05, 8.608735022755579e-06, 2.329357654695465e-04, 1.139947740139928e-06, 1.458007405193810e+00, 6.896502445124542e-02, 5.340826238961028e+03, 2.312955988228672e+02, 1.051970925834409e-02, 2.024161583200808e-01, 2.791949221007638e-02, 7.554476090023137e-01, 3.697031209184951e-03, 2.974963225967398e+02, 2.801874507898165e+03, 4.658082244015011e+03, 4.728549117139904e+03, 2.236645056265128e+02, 3.989237650223293e+00, -5.086873233026496e-04, 5.147228264230094e+04, -1.572710621388772e+05, 4.821726450906376e+05
214, 4.221696875410363e-01, 1.931032050318336e-01, 3.308428900330790e-06, 6.421849065104681e-05, 8.762136561253067e-06, 2.395134575782044e-04, 1.157702945136043e-06, 1.498890470440752e+00, 5.911983848735466e-02, 5.488944369755881e+03, 2.360875011224485e+02, 1.043799419196675e-02, 2.026074165793550e-01, 2.764427868661001e-02, 7.556577923887705e-01, 3.652518153297658e-03, 3.069818383839238e+02, 2.812384812356513e+03, 4.636107208769441e+03, 4.728954587263637e+03, 1.865213215551711e+02, 3.980580760517300e+00, -9.721062149573879e-07, 2.420707784155646e+04, -3.395785275286082e+04, 9.810028670240371e+04
215, 4.284196875410382e-01, 1.931032050318336e-01, 3.399798722105919e-06, 6.660318798139065e-05, 8.982155441810482e-06, 2.482314892779892e-04, 1.184028413716207e-06, 1.552390903730348e+00, 5.099523853759045e-02, 5.684968228660422e+03, 2.427920604768805e+02, 1.035259406541163e-02, 2.028107617519596e-01, 2.735121009278236e-02, 7.558799954944921e-01, 3.605438595354372e-03, 3.201576237924907e+02, 2.830687828900875e+03, 4.613059798133550e+03, 4.727124800847876e+03, 1.552836055898906e+02, 3.965015159196453e+00, 7.042659534854699e-04, 2.916619318392900e+04, -2.608407119546714e+04, 7.007910854743478e+04
216, 4.346696875410363e-01, 1.931032050318336e-01, 3.495185966428479e-06, 6.910600817767516e-05, 9.210520783250908e-06, 2.573770761155033e-04, 1.211321811876401e-06, 1.608326408623911e+00, 4.458648303346360e-02, 5.890480138667787e+03, 2.497916350296588e+02, 1.026787546313197e-02, 2.030140577749049e-01, 2.705792517519375e-02, 7.561016180548065e-01, 3.558523531962907e-03, 3.340673969442844e+02, 2.849322754640373e+03, 4.590122134221773e+03, 4.724811619878234e+03, 1.309825741817274e+02, 3.949284205496976e+00, 1.448790938088350e-03, 2.831867857041640e+04, -2.312456519080975e+04, 5.897003318055299e+04
217, 4.409196875410418e-01, 1.931032050318336e-01, 3.581185966521564e-06, 7.143733529416585e-05, 9.414992064439758e-06, 2.658822623841921e-04, 1.235341584265253e-06, 1.660327526061655e+00, 3.918104434775798e-02, 6.081497341094878e+03, 2.561150386647694e+02, 1.018681435033209e-02, 2.032061108043861e-01, 2.678128898272619e-02, 7.563118115825832e-01, 3.513974279972505e-03, 3.469571692163052e+02, 2.865180899987510e+03, 4.568011691795388e+03, 4.722862321825864e+03, 1.114519124541352e+02, 3.936115242002336e+00, 2.138720054662289e-03, 2.500393599206977e+04, -2.375775886949027e+04, 5.344323048801582e+04
218, 4.471696875410653e-01, 1.931032050318336e-01, 3.637722886978299e-06, 7.314261056937818e-05, 9.545649195860693e-06, 2.720719051824927e-04, 1.249724741961614e-06, 1.698451827869539e+00, 3.340723144420030e-02, 6.220560613509929e+03, 2.603082229095975e+02, 1.011468659812886e-02, 2.033729907042975e-01, 2.654167263191746e-02, 7.564957910696295e-01, 3.474858996026817e-03, 3.559461971920617e+02, 2.873056464077606e+03, 4.548146846054428e+03, 4.722544425364299e+03, 9.288878968181218e+01, 3.929962628722797e+00, 2.619860605425474e-03, 2.432908642205986e+04, -1.509705798784077e+04, 4.367508629657093e+04
219, 4.534196875410852e-01, 1.931032050318336e-01, 3.771185758938650e-06, 7.654721432868803e-05, 9.871360070225657e-06, 2.845381376195938e-04, 1.289080067962029e-06, 1.773340812231222e+00, 3.204265473715525e-02, 6.499264319890243e+03, 2.700524178564601e+02, 1.002929649758819e-02, 2.035738246908598e-01, 2.625243180983192e-02, 7.567161973643007e-01, 3.428249637419319e-03, 3.765722747784495e+02, 2.906993335921694e+03, 4.524691215480779e+03, 4.716118996521203e+03, 8.521597859958587e+01, 3.901333313304647e+00, 3.723877898147666e-03, 2.020250729321152e+04, -1.153767967678400e+04, 4.508370976235377e+04
220, 4.596696875411051e-01, 1.931032050318336e-01, 3.774949114876450e-06, 7.721762667065233e-05, 9.871864876678219e-06, 2.868867831536115e-04, 1.285836868006117e-06, 1.788623715517131e+00, 2.574312470282841e-02, 6.552195597026548e+03, 2.704409889221971e+02, 9.959314026090288e-03, 2.037205188625704e-01, 2.604459009593491e-02, 7.568831993263038e-01, 3.392377689100707e-03, 3.788661532143799e+02, 2.901251754110520e+03, 4.504883634983901e+03, 4.718862351587089e+03, 6.791717057003603e+01, 3.907108111535920e+00, 3.846658463190295e-03, 1.329063666691168e+04, -1.748456870342428e+04, 6.070222610893697e+04
221, 4.659196875411250e-01, 1.931032050318336e-01, 3.817257661676936e-06, 7.865121840330396e-05, 9.972609445387582e-06, 2.920753827619896e-04, 1.295862276283633e-06, 1.820248769558612e+00, 1.890500758255759e-02, 6.668046279397050e+03, 2.735873649928660e+02, 9.894078958670480e-03, 2.038587473123488e-01, 2.584834297858263e-02, 7.570400415835488e-01, 3.358789166849233e-03, 3.869078778894402e+02, 2.910662725013918e+03, 4.486432474581167e+03, 4.717964215840742e+03, 4.900052716219271e+01, 3.899734205766528e+00, 4.277094306718607e-03, 1.070568438029056e+04, -2.512003410239441e+04, 9.203159271691162e+04
222, 4.721696875411232e-01, 1.931032050318336e-01, 3.841573762180655e-06, 7.965080299756486e-05, 1.003368376082020e-05, 2.956781565045878e-04, 1.300795209451712e-06, 1.842219514148230e+00, 1.348367626554849e-02, 6.748263337738492e+03, 2.754161785463165e+02, 9.837450587888326e-03, 2.039687084725886e-01, 2.569412285748645e-02, 7.571686591488668e-01, 3.331058933169923e-03, 3.925010737773812e+02, 2.917157132179158e+03, 4.470174070491514e+03, 4.717531033997260e+03, 3.452881741104991e+01, 3.894844825093410e+00, 4.576471876496816e-03, 1.118532278058081e+04, -3.833675481284274e+04, 1.450537556015915e+05
223, 4.784196875411215e-01, 1.931032050318336e-01, 3.868532844540314e-06, 8.066527626685881e-05, 1.010166283340168e-05, 2.993445925329534e-04, 1.306882811650885e-06, 1.864459477188027e+00, 9.160317566933541e-03, 6.829874841595753e+03, 2.774270727643420e+02, 9.786644540296470e-03, 2.040676445807369e-01, 2.555526536525340e-02, 7.572842831913482e-01, 3.306162322364934e-03, 3.983319089110991e+02, 2.924588811803148e+03, 4.455573898224035e+03, 4.716724116425182e+03, 2.317384277358117e+01, 3.889095964510876e+00, 4.888569161677449e-03, 5.337664714083113e+03, -1.707807421124936e+04, 1.051794590151077e+05
