"PointID","x","y","Density_0","Density_1","Density_2","Density_3","Density_4","Momentum_x","Momentum_y","Energy","Energy_ve","MassFrac_0","MassFrac_1","MassFrac_2","MassFrac_3","MassFrac_4","Pressure","Temperature_tr","Temperature_ve","Velocity_x","Velocity_y","Mach","Pressure_Coefficient"
0, -5.000000000000000e-02, 0.000000000000000e+00, 1.315930443566834e-51, 1.812303775883014e-30, 2.873781524211374e-51, 1.474227687972010e-03, 4.378704806038787e-04, 9.619080834714689e+00, -6.759085395126372e-17, 2.484917713935643e+04, 4.806928554181018e+01, 6.882128047572605e-49, 9.478089596376733e-28, 1.502946643347154e-48, 7.709999999999999e-01, 2.290000000000000e-01, 4.725999999999830e+02, 8.571999999999696e+02, 8.572000000002048e+02, 5.030641727918646e+03, -3.534905009694387e-14, 8.552000000000154e+00, -7.048139283983529e-16
1, 0.000000000000000e+00, 0.000000000000000e+00, 6.195278469104703e-48, 6.752590147937815e-29, 1.338700911083648e-47, 1.937063896859860e-03, 5.753406386263397e-04, 1.257711089038798e+01, 5.008505295361387e-02, 3.256201275406951e+04, 6.316080316001474e+01, 2.465876168268338e-45, 2.687700190220783e-26, 5.328365285826009e-45, 7.710000000000000e-01, 2.290000000000000e-01, 7.095779921693817e+02, 9.795107328621298e+02, 8.572003284787548e+02, 5.006005487071794e+03, 1.993510688513442e+01, 7.961145290271991e+00, 9.794472426898976e-03
2, 1.931920337076797e-01, 5.173816881076040e-02, 1.171572328644550e-18, 6.800273572767071e-14, 3.893812899611138e-18, 9.729750695528274e-03, 2.889900011963091e-03, 5.456579044564937e+01, 1.643049252950922e+01, 1.552159099032860e+05, 5.869970224351631e+02, 9.283714389517605e-17, 5.388638505417268e-12, 3.085515589808426e-16, 7.709999999999998e-01, 2.289999999946112e-01, 1.190520764442843e+04, 3.271811470629324e+03, 1.031720200035277e+03, 4.323874860733157e+03, 1.301976806669228e+03, 3.929261292388613e+00, 4.725179723055163e-01
3, 3.346696875411197e-01, 1.931032050318336e-01, 6.988469177877618e-06, 1.585906854118757e-03, 8.605773446419726e-04, 9.138553785973376e-03, 7.909249467260799e-04, 3.346263581768384e+01, 3.074063573955350e+01, 1.492558974660261e+05, 8.480378637089174e+03, 5.643621582426238e-04, 1.280717982981859e-01, 6.949694921661642e-02, 7.379948035249891e-01, 6.387208680196593e-02, 1.473062835548738e+04, 3.696869618964742e+03, 4.064178589372881e+03, 2.702315040658206e+03, 2.482496679908597e+03, 2.807310826083354e+00, 5.892946611259549e-01
4, 4.846696875411197e-01, 1.931032050318336e-01, 1.305657278361200e-07, 1.069858878249894e-04, 5.565913674506105e-05, 5.941663011274259e-04, 4.756949420784588e-05, 3.235254166299429e+00, 2.423820976758735e-03, 9.990203215217163e+03, 3.822594424281974e+02, 1.622919577867298e-04, 1.329824409393417e-01, 6.918377755618307e-02, 7.385430607172964e-01, 5.912842882939218e-02, 6.638826198476129e+02, 2.555276424365924e+03, 3.223472188065354e+03, 4.021390155657341e+03, 3.012786419239007e+00, 3.692263858841586e+00, 7.905849520842161e-03
6, -3.640905996670419e-02, 0.000000000000000e+00, 1.351858689866934e-50, 6.803402252855598e-30, 3.033368376559592e-50, 1.474227687972012e-03, 4.378704806038790e-04, 9.619080834714699e+00, -3.868658014408617e-16, 2.484917713935647e+04, 4.806928554217617e+01, 7.070027638140480e-48, 3.558082092575140e-27, 1.586408285103275e-47, 7.710000000000000e-01, 2.290000000000000e-01, 4.725999999999834e+02, 8.571999999999696e+02, 8.572000000002048e+02, 5.030641727918647e+03, -2.023252821422841e-13, 8.552000000000158e+00, -6.860188903077302e-16
7, -2.648758523368654e-02, 0.000000000000000e+00, 2.614543106340579e-50, 1.009755904722786e-29, 5.926426843875223e-50, 1.474227687972016e-03, 4.378704806038802e-04, 9.619080834714719e+00, -1.934413721592304e-15, 2.484917713935650e+04, 4.806928554218486e+01, 1.367368657796401e-47, 5.280878991034428e-27, 3.099436494042115e-47, 7.710000000000000e-01, 2.290000000000000e-01, 4.725999999999846e+02, 8.571999999999696e+02, 8.572000000002048e+02, 5.030641727918643e+03, -1.011670715124961e-12, 8.552000000000152e+00, -6.366819153198454e-16
8, -1.924472747190228e-02, 0.000000000000000e+00, 3.824149211891393e-50, 1.260783737689151e-29, 8.732108963408507e-50, 1.474227687972015e-03, 4.378704806038801e-04, 9.619080834714705e+00, -3.827526632084882e-15, 2.484917713935644e+04, 4.806928554214942e+01, 1.999975354162682e-47, 6.593718661569379e-27, 4.566768122534243e-47, 7.709999999999999e-01, 2.290000000000000e-01, 4.725999999999845e+02, 8.571999999999696e+02, 8.572000000002048e+02, 5.030641727918637e+03, -2.001741696628250e-12, 8.552000000000142e+00, -6.413806748425011e-16
9, -1.395714581734536e-02, 0.000000000000000e+00, 4.994384037561902e-50, 1.469276850768879e-29, 1.147351639301322e-49, 1.474227687972007e-03, 4.378704806038776e-04, 9.619080834714651e+00, -1.694024323255745e-15, 2.484917713935630e+04, 4.806928554195319e+01, 2.611991434143614e-47, 7.684107829375646e-27, 6.000485007293637e-47, 7.710000000000000e-01, 2.290000000000000e-01, 4.725999999999818e+02, 8.571999999999696e+02, 8.572000000002048e+02, 5.030641727918638e+03, -8.859504972579107e-13, 8.552000000000143e+00, -7.541509033862376e-16
10, -1.009678458521239e-02, 0.000000000000000e+00, 5.765683377902238e-50, 1.594690022765401e-29, 1.329242279046116e-49, 1.474227687972001e-03, 4.378704806038759e-04, 9.619080834714630e+00, 3.484577588340309e-15, 2.484917713935627e+04, 4.806928554206014e+01, 3.015369959899337e-47, 8.340000785383938e-27, 6.951747043595203e-47, 7.710000000000000e-01, 2.290000000000000e-01, 4.725999999999801e+02, 8.571999999999696e+02, 8.572000000002048e+02, 5.030641727918646e+03, 1.822384250770769e-12, 8.552000000000156e+00, -8.246322962260729e-16
11, -7.278131510363134e-03, 0.000000000000000e+00, 6.386953408761744e-50, 1.690637655893292e-29, 1.476321856689923e-49, 1.474227687972008e-03, 4.378704806038778e-04, 9.619080834714680e+00, 6.309955453823363e-15, 2.484917713935643e+04, 4.806928554184283e+01, 3.340285302149885e-47, 8.841793186552050e-27, 7.720952202937755e-47, 7.710000000000000e-01, 2.290000000000000e-01, 4.725999999999820e+02, 8.571999999999696e+02, 8.572000000002048e+02, 5.030641727918651e+03, 3.300016472754097e-12, 8.552000000000165e+00, -7.447533843409262e-16
12, -5.219729353472306e-03, 0.000000000000000e+00, 6.889454041644811e-50, 1.764961345227402e-29, 1.595697142280904e-49, 1.474227687972020e-03, 4.378704806038815e-04, 9.619080834714753e+00, 3.650704815003520e-15, 2.484917713935659e+04, 4.806928554209313e+01, 3.603085947609039e-47, 9.230495453807766e-27, 8.345267876436238e-47, 7.710000000000000e-01, 2.290000000000000e-01, 4.725999999999861e+02, 8.571999999999696e+02, 8.572000000002048e+02, 5.030641727918646e+03, 1.909266414769124e-12, 8.552000000000156e+00, -5.755980415253215e-16
13, -3.716075109627959e-03, 0.000000000000000e+00, 7.243124124579567e-50, 1.815731846440581e-29, 1.679925494025626e-49, 1.474227687972022e-03, 4.378704806038821e-04, 9.619080834714740e+00, 8.346671838977208e-16, 2.484917713935651e+04, 4.806928554218113e+01, 3.788050343656839e-47, 9.496017915193677e-27, 8.785770111776235e-47, 7.710000000000000e-01, 2.290000000000000e-01, 4.726000000000221e+02, 8.572000000000338e+02, 8.571999999997593e+02, 5.030641727918633e+03, 4.365190018038486e-13, 8.551999999999813e+00, 9.139087271565309e-16
14, -2.617116624604489e-03, 0.000000000000000e+00, 7.517117160579691e-50, 1.854334037185081e-29, 1.745280461225041e-49, 1.474227687972012e-03, 4.378704806038789e-04, 9.619080834714675e+00, 5.925975710921327e-15, 2.484917713935634e+04, 4.806928554208601e+01, 3.931344783504685e-47, 9.697901852843508e-27, 9.127567244755567e-47, 7.710000000000001e-01, 2.290000000000000e-01, 4.726000000000382e+02, 8.572000000000689e+02, 8.571999999995272e+02, 5.030641727918633e+03, 3.099200557958238e-12, 8.551999999999639e+00, 1.578783199612311e-15
15, -1.739648995067414e-03, 0.000000000000000e+00, 7.773060618208146e-50, 1.889757453435814e-29, 1.806424762971545e-49, 1.474227687972007e-03, 4.378704806038775e-04, 9.619080834714664e+00, 6.096012315742506e-15, 2.484917713935636e+04, 4.806928554204798e+01, 4.065199551965189e-47, 9.883161254441710e-27, 9.447343199522835e-47, 7.710000000000000e-01, 2.289999999999999e-01, 4.726000000000452e+02, 8.572000000000846e+02, 8.571999999994368e+02, 5.030641727918644e+03, 3.188127270830852e-12, 8.551999999999580e+00, 1.867756910255635e-15
16, -8.698244975333391e-04, 0.000000000000000e+00, 8.032186205252764e-50, 1.924984641454018e-29, 1.868428557369459e-49, 1.474227687972011e-03, 4.378704806038788e-04, 9.619080834714676e+00, -6.115497027061976e-15, 2.484917713935636e+04, 4.806928554192449e+01, 4.200718528607268e-47, 1.006739441044351e-26, 9.771614177953240e-47, 7.710000000000000e-01, 2.290000000000000e-01, 4.726000000000471e+02, 8.572000000000855e+02, 8.571999999994352e+02, 5.030641727918637e+03, -3.198317496228100e-12, 8.551999999999563e+00, 1.945286442379454e-15
17, 8.914882248994977e-04, 2.387467401603415e-04, 2.053714917837256e-39, 3.428144891366905e-25, 4.526801757265353e-39, 2.919385137931318e-03, 8.671066103583292e-04, 1.871848096363341e+01, 2.465812008157986e-01, 4.874043738277171e+04, 9.519460726434438e+01, 5.423793459380747e-37, 9.053617752938175e-23, 1.195513435176533e-36, 7.710000000000000e-01, 2.290000000000000e-01, 1.403797764743607e+03, 1.285778508711933e+03, 8.572098798416908e+02, 4.943489173609983e+03, 6.512128302595113e+01, 6.862361136122466e+00, 3.848707952699763e-02
18, 1.782976449799005e-03, 4.774934803206855e-04, 5.919057874570237e-37, 4.928650233343888e-24, 1.320245668572827e-36, 3.236633983933784e-03, 9.613348668233938e-04, 2.064716467382471e+01, 4.404503472042304e-01, 5.389254908830523e+04, 1.055476516240296e+02, 1.409981370753294e-34, 1.174055932419536e-21, 3.144962994031501e-34, 7.709999999999999e-01, 2.290000000000000e-01, 1.700847434847584e+03, 1.405156763698340e+03, 8.572287164934154e+02, 4.918370147053528e+03, 1.049198702664950e+02, 6.531952212219982e+00, 5.076435800597680e-02
19, 2.674464674698533e-03, 7.162402204810351e-04, 1.348716180142369e-34, 6.618996729910766e-23, 3.047238042520568e-34, 3.627097695169809e-03, 1.077309172754716e-03, 2.299863362952700e+01, 7.166645345136323e-01, 6.020701262915913e+04, 1.183012599295913e+02, 2.866920778766295e-32, 1.406977949768812e-20, 6.477411771709573e-32, 7.709999999999999e-01, 2.290000000000000e-01, 2.093105764429963e+03, 1.543067516876535e+03, 8.572703049376072e+02, 4.888742465354290e+03, 1.523389780335492e+02, 6.197275903701528e+00, 6.697667948842902e-02
20, 3.565952899598004e-03, 9.549869606413694e-04, 6.898820196331517e-32, 1.396814547818600e-21, 1.593620878905325e-31, 4.166846949401136e-03, 1.237623802091907e-03, 2.619617908213272e+01, 1.180251316056553e+00, 6.887257343395776e+04, 1.359696553350785e+02, 1.276502457604316e-29, 2.584553811180707e-19, 2.948708490031278e-29, 7.710000000000000e-01, 2.290000000000000e-01, 2.698440112591546e+03, 1.731642530297294e+03, 8.573834291528082e+02, 4.847131252379476e+03, 2.183842545045685e+02, 5.803384979119508e+00, 9.199558748004434e-02
21, 4.457441124497438e-03, 1.193733700801694e-03, 5.327787764040979e-30, 1.256734926143290e-20, 1.254750979829527e-29, 4.539932671959591e-03, 1.348436552371915e-03, 2.833025821153502e+01, 1.669848579219139e+00, 7.477502609066690e+04, 1.482714971695083e+02, 9.047985207900802e-28, 2.134266514657909e-18, 2.130897251899105e-27, 7.710000000000000e-01, 2.290000000000000e-01, 3.204219778188530e+03, 1.887234613151564e+03, 8.575904528101559e+02, 4.811223130246439e+03, 2.835842175655542e+02, 5.521804662580503e+00, 1.128998281794720e-01
22, 5.348929349396780e-03, 1.432480440961994e-03, 1.460087123201793e-28, 6.932112545238298e-20, 3.508339955258440e-28, 4.821600441076730e-03, 1.432096629061701e-03, 2.988570985290403e+01, 2.185499253435141e+00, 7.917451906206552e+04, 1.576903647939558e+02, 2.334758314683562e-26, 1.108482305345316e-17, 5.610025423218620e-26, 7.709999999999999e-01, 2.290000000000000e-01, 3.642736929049426e+03, 2.020177821867609e+03, 8.579260773313938e+02, 4.778886715765156e+03, 3.494731562663881e+02, 5.306100653148606e+00, 1.310240603223431e-01
23, 6.240417574296114e-03, 1.671227181122291e-03, 1.923139431469478e-27, 2.680438999348469e-19, 4.698011548400545e-27, 5.044199501132531e-03, 1.498212303189818e-03, 3.106974861047620e+01, 2.716348189659357e+00, 8.261046540056524e+04, 1.652928843919354e+02, 2.939496150638095e-25, 4.097019691694728e-17, 7.180855759181543e-25, 7.710000000000000e-01, 2.290000000000000e-01, 4.030218841254325e+03, 2.136433517580268e+03, 8.583963504035466e+02, 4.748974772567736e+03, 4.151906469514435e+02, 5.133268977442729e+00, 1.470389690076202e-01
24, 7.131905799195436e-03, 1.909973921282586e-03, 1.062453464705741e-26, 6.669564539890404e-19, 2.647661918205725e-26, 5.110416694322210e-03, 1.517879926069761e-03, 3.133140686103470e+01, 3.166597555266771e+00, 8.355000137888108e+04, 1.678463437950314e+02, 1.602905732125958e-24, 1.006226021836662e-16, 3.994483152821173e-24, 7.710000000000000e-01, 2.289999999999999e-01, 4.228049242923668e+03, 2.212262879763659e+03, 8.589480167278681e+02, 4.726916831791075e+03, 4.777392649454953e+02, 5.027497034973773e+00, 1.552154431038636e-01
25, 8.023394024094811e-03, 2.148720661442895e-03, 9.210631755564821e-26, 2.109572384283368e-18, 2.320304370615780e-25, 5.441714118097941e-03, 1.616280847009633e-03, 3.312080108426377e+01, 3.912813215677439e+00, 8.872098991068285e+04, 1.793546365739685e+02, 1.304992678671376e-23, 2.988911716021909e-16, 3.287483743027032e-23, 7.710000000000000e-01, 2.289999999999998e-01, 4.747524674142573e+03, 2.332837655923885e+03, 8.597938501640141e+02, 4.692664311607221e+03, 5.543802786798675e+02, 4.869364401220110e+00, 1.766857397375204e-01
26, 8.914882248994234e-03, 2.387467401603216e-03, 2.938349158894986e-25, 3.989622907859456e-18, 7.588347196968837e-25, 5.510329282484783e-03, 1.636660707767850e-03, 3.339197295523098e+01, 4.493750500471065e+00, 8.973378503622468e+04, 1.822446073042584e+02, 4.111310024083466e-23, 5.582242193287901e-16, 1.061754277999289e-22, 7.709999999999999e-01, 2.289999999999995e-01, 4.913284201426541e+03, 2.384225577601951e+03, 8.606294301754901e+02, 4.672172900867685e+03, 6.287612696533546e+02, 4.805384099117447e+00, 1.835367013167636e-01
27, 9.806370473893577e-03, 2.626214141763516e-03, 7.209342842033075e-25, 6.535778628607342e-18, 1.904535250772605e-24, 5.530547414443055e-03, 1.642665833861809e-03, 3.340180287653532e+01, 4.883713802327817e+00, 8.998291031568876e+04, 1.835644989886428e+02, 1.005036737718169e-22, 9.111368088982767e-16, 2.655065707439652e-22, 7.709999999999999e-01, 2.289999999999991e-01, 5.011431623322301e+03, 2.422962528955029e+03, 8.614905812383075e+02, 4.656463110786317e+03, 6.808265185036714e+02, 4.758404791083239e+00, 1.875932055040476e-01
28, 1.069785869879290e-02, 2.864960881923812e-03, 2.078626901614208e-24, 1.179831711726514e-17, 5.538561759889700e-24, 5.725382695063135e-03, 1.700535197366341e-03, 3.439922694372576e+01, 5.489562183535140e+00, 9.300326369123081e+04, 1.909209831325827e+02, 2.799151474235001e-22, 1.588802527603112e-15, 7.458420413638165e-22, 7.709999999999999e-01, 2.289999999999984e-01, 5.337627491833894e+03, 2.492853456834592e+03, 8.626247495638016e+02, 4.632319861601863e+03, 7.392435875343562e+02, 4.676235748105858e+00, 2.010751175189893e-01
29, 1.158934692369223e-02, 3.103707622084108e-03, 3.346769471723888e-24, 1.520296153874432e-17, 9.247937153220665e-24, 5.608509973321353e-03, 1.665822028392449e-03, 3.364171258716958e+01, 5.683732786445355e+00, 9.109834797495297e+04, 1.877366959114033e+02, 4.600792857592142e-22, 2.089946064485719e-15, 1.271310843530632e-21, 7.710000000000000e-01, 2.289999999999980e-01, 5.235102269537056e+03, 2.495920122130708e+03, 8.635506451816647e+02, 4.624715036273249e+03, 7.813408550924372e+02, 4.672683946635584e+00, 1.968376756635012e-01
30, 1.248083514859175e-02, 3.342454362244454e-03, 4.899219829999276e-24, 1.880501789465053e-17, 1.396502232019219e-23, 5.579388763781681e-03, 1.657172538140066e-03, 3.340624146413671e+01, 5.934456044184125e+00, 9.060938160830220e+04, 1.874295871755066e+02, 6.770093730427216e-22, 2.598612394764984e-15, 1.929787054589532e-21, 7.709999999999999e-01, 2.289999999999974e-01, 5.223874002747952e+03, 2.503566194058109e+03, 8.644206244977786e+02, 4.616314305976408e+03, 8.200657462278597e+02, 4.663886764813141e+00, 1.963736032470672e-01
31, 1.337232337349147e-02, 3.581201102404856e-03, 7.234498455086725e-24, 2.361635702867463e-17, 2.105443587975884e-23, 5.634631681559288e-03, 1.673580616182956e-03, 3.364929758719024e+01, 6.268136702247045e+00, 9.145710165231755e+04, 1.900274964351700e+02, 9.899135603000593e-22, 3.231482073388925e-15, 2.880928334041857e-21, 7.709999999999999e-01, 2.289999999999968e-01, 5.325022891194951e+03, 2.527021604453244e+03, 8.653763450601730e+02, 4.604313095500188e+03, 8.576839925933002e+02, 4.637168780466927e+00, 2.005541602255291e-01
32, 1.426381159839122e-02, 3.819947842565264e-03, 1.004039461039210e-23, 2.851092951933534e-17, 2.990314295252437e-23, 5.625421681475365e-03, 1.670845090866196e-03, 3.353041047762726e+01, 6.498105056297974e+00, 9.128386059884577e+04, 1.904777999999390e+02, 1.376100261088705e-21, 3.907605136837031e-15, 4.098416887096298e-21, 7.710000000000000e-01, 2.289999999999961e-01, 5.340070219585276e+03, 2.538311362127312e+03, 8.663559432014696e+02, 4.595557087459174e+03, 8.906068348447378e+02, 4.624418955748053e+00, 2.011760772300086e-01
33, 1.515529982329097e-02, 4.058694582725674e-03, 1.230867886095140e-23, 3.196623701572584e-17, 3.784704868304708e-23, 5.567171586332703e-03, 1.653543830441199e-03, 3.314892110586403e+01, 6.625804995548934e+00, 9.034419550061422e+04, 1.891735833327789e+02, 1.704634257203653e-21, 4.427017985152459e-15, 5.241454135573224e-21, 7.709999999999999e-01, 2.289999999999956e-01, 5.279214204570190e+03, 2.535640533630233e+03, 8.672234904177675e+02, 4.590808416138117e+03, 9.176105985505250e+02, 4.627403361241020e+00, 1.986608539570804e-01
34, 1.604678804819070e-02, 4.297441322886079e-03, 1.845882217681517e-23, 4.096156029424975e-17, 5.681564817814887e-23, 5.692939472503992e-03, 1.690899013233960e-03, 3.378583144199248e+01, 7.016983666318839e+00, 9.230326846479419e+04, 1.944012076385367e+02, 2.499895171389338e-21, 5.547461577520647e-15, 7.694595201112435e-21, 7.709999999999999e-01, 2.289999999999945e-01, 5.480368192373596e+03, 2.574104532411737e+03, 8.684323151998759e+02, 4.575646055537425e+03, 9.503165162499505e+02, 4.584532076364260e+00, 2.069746942806706e-01
35, 1.693827627309051e-02, 4.536188063046503e-03, 2.630249091886800e-23, 5.097580721677404e-17, 8.243892815550777e-23, 5.746239247782909e-03, 1.706729945190982e-03, 3.402894244240035e+01, 7.300563583487397e+00, 9.313226935028181e+04, 1.974472244114904e+02, 3.529129161524492e-21, 6.839664286393390e-15, 1.106121949802564e-20, 7.709999999999999e-01, 2.289999999999932e-01, 5.566860240712996e+03, 2.590476296590652e+03, 8.699670772148525e+02, 4.565823574647281e+03, 9.795510211379619e+02, 4.566528969372834e+00, 2.105494734188142e-01
36, 1.782976449799041e-02, 4.774934803206952e-03, 2.950731943398355e-23, 5.363389683039973e-17, 9.558180617597447e-23, 5.585799940953877e-03, 1.659076765860437e-03, 3.307065002626265e+01, 7.263222470827842e+00, 9.056859330477261e+04, 1.925319517396451e+02, 4.072853221398458e-21, 7.403010292770462e-15, 1.319302039827294e-20, 7.709999999999999e-01, 2.289999999999926e-01, 5.374782609185915e+03, 2.572933341416453e+03, 8.707349308011640e+02, 4.564694661422897e+03, 1.002532239644081e+03, 4.585771696915581e+00, 2.026107654882002e-01
37, 1.872125272289031e-02, 5.013681543367401e-03, 3.516370532244274e-23, 5.980321577037466e-17, 1.168335823775339e-22, 5.581847232311373e-03, 1.657902744746120e-03, 3.299869973045868e+01, 7.428756277443974e+00, 9.049093010202883e+04, 1.932158808439309e+02, 4.857033106650776e-21, 8.260397936377417e-15, 1.613779243037043e-20, 7.710000000000000e-01, 2.289999999999918e-01, 5.384552902198760e+03, 2.579435725464760e+03, 8.717875924049794e+02, 4.557988858044835e+03, 1.026106744153510e+03, 4.578588028759218e+00, 2.030145787901908e-01
38, 1.961274094779022e-02, 5.252428283527852e-03, 4.220651910492912e-23, 6.723661979744597e-17, 1.436032020065939e-22, 5.580193486325155e-03, 1.657411554304032e-03, 3.294809517216058e+01, 7.559948837002606e+00, 9.045071626762669e+04, 1.941179870433441e+02, 5.831558763983007e-21, 9.289898995593750e-15, 1.984125980907472e-20, 7.709999999999999e-01, 2.289999999999907e-01, 5.396361499302912e+03, 2.585858676551705e+03, 8.730164609143893e+02, 4.552347770733839e+03, 1.044537356565305e+03, 4.571512258359010e+00, 2.035026366797788e-01
39, 2.050422917269014e-02, 5.491175023688308e-03, 4.701445386717645e-23, 7.177230135882623e-17, 1.649573296628143e-22, 5.506810776882516e-03, 1.635615652277615e-03, 3.250368881614902e+01, 7.557742512368358e+00, 8.927619986447779e+04, 1.923437147571096e+02, 6.582420460815912e-21, 1.004872812771347e-14, 2.309541880464420e-20, 7.709999999999999e-01, 2.289999999999900e-01, 5.310434465152870e+03, 2.578593648940980e+03, 8.740247081948263e+02, 4.550790846573797e+03, 1.058147757954153e+03, 4.579463175281536e+00, 1.999512099881970e-01
40, 2.139571739759007e-02, 5.729921763848764e-03, 4.938511175876508e-23, 7.380588658658343e-17, 1.804016531174449e-22, 5.397912979609667e-03, 1.603271170337947e-03, 3.186685234774885e+01, 7.484916952701168e+00, 8.754193151010404e+04, 1.891821582187791e+02, 7.053822710710170e-21, 1.054191476839456e-14, 2.576730582337173e-20, 7.710000000000000e-01, 2.289999999999894e-01, 5.174241576661731e+03, 2.563148869317430e+03, 8.748714823319332e+02, 4.551637503776695e+03, 1.069092998040495e+03, 4.596498912085046e+00, 1.943222590512140e-01
41, 2.228720562248999e-02, 5.968668504009221e-03, 5.474067000330342e-23, 7.903150054182116e-17, 2.047480495992271e-22, 5.406948992574870e-03, 1.605955018546802e-03, 3.188682394215620e+01, 7.595026610633566e+00, 8.767528756360551e+04, 1.901633270105017e+02, 7.805706440083922e-21, 1.126943993764712e-14, 2.919590076728808e-20, 7.710000000000000e-01, 2.289999999999887e-01, 5.196090793282391e+03, 2.569670667400174e+03, 8.757448780513627e+02, 4.546878709816496e+03, 1.083007353100602e+03, 4.589260010807183e+00, 1.952253030334056e-01
42, 2.317869384738967e-02, 6.207415244169609e-03, 6.562377892817781e-23, 8.987232751006078e-17, 2.501360192614971e-22, 5.452593627137811e-03, 1.619512244636173e-03, 3.211753129955331e+01, 7.741208890628075e+00, 8.839134980662835e+04, 1.929797575879316e+02, 9.279241589141503e-21, 1.270800086134964e-14, 3.536938272655543e-20, 7.710000000000000e-01, 2.289999999999872e-01, 5.264034490074720e+03, 2.581479039610030e+03, 8.773196358666077e+02, 4.541438134819165e+03, 1.094611567047448e+03, 4.576217584994371e+00, 1.980334653387829e-01
43, 2.407018207228917e-02, 6.446161984329951e-03, 7.321621513427732e-23, 9.651753833454340e-17, 2.836829766935548e-22, 5.443725108903927e-03, 1.616878145186673e-03, 3.204392365106123e+01, 7.807473139459093e+00, 8.824487208782876e+04, 1.934351678149908e+02, 1.036968266016903e-20, 1.366987137800501e-14, 4.017829163948528e-20, 7.710000000000001e-01, 2.289999999999863e-01, 5.258183878517363e+03, 2.582810785954107e+03, 8.783190200384407e+02, 4.538411591459409e+03, 1.105779897055636e+03, 4.574733031441647e+00, 1.977916553164493e-01
44, 2.496167029718797e-02, 6.684908724490106e-03, 7.655072693086552e-23, 9.968550847860349e-17, 3.094944274195122e-22, 5.332687248014950e-03, 1.583898028268932e-03, 3.139845647069015e+01, 7.763015700435993e+00, 8.649225714664249e+04, 1.903559809443961e+02, 1.106770521478965e-20, 1.441253226796919e-14, 4.474670882476155e-20, 7.710000000000000e-01, 2.289999999999855e-01, 5.103579202000358e+03, 2.559067572866135e+03, 8.794655825270138e+02, 4.539589293918075e+03, 1.122376923053968e+03, 4.600924189720678e+00, 1.914017318161561e-01
45, 2.585315852208661e-02, 6.923655464650219e-03, 8.151864236881671e-23, 1.043538401491585e-16, 3.392887721900028e-22, 5.321159950352913e-03, 1.580474226499010e-03, 3.131884641016379e+01, 7.789082910936866e+00, 8.630404952618486e+04, 1.906448575960558e+02, 1.181149859293165e-20, 1.512016393148737e-14, 4.916064275443228e-20, 7.710000000000000e-01, 2.289999999999848e-01, 5.093790498824486e+03, 2.559692370336612e+03, 8.803925579306648e+02, 4.537888506928795e+03, 1.128585304776270e+03, 4.600208635314680e+00, 1.909971576087645e-01
46, 2.674464674698497e-02, 7.162402204810255e-03, 8.400323773853770e-23, 1.068198688292245e-16, 3.625783414490035e-22, 5.252809904937045e-03, 1.560173110545396e-03, 3.092587289413148e+01, 7.725820460016906e+00, 8.521963613845006e+04, 1.888520946938188e+02, 1.232987628879153e-20, 1.567886909250701e-14, 5.321873555607607e-20, 7.710000000000000e-01, 2.289999999999843e-01, 5.004202996733100e+03, 2.547394712177354e+03, 8.812706638513904e+02, 4.539255833142727e+03, 1.133984987553899e+03, 4.613895320827641e+00, 1.872944411202154e-01
47, 2.763613497188353e-02, 7.401148944970346e-03, 8.983921829741368e-23, 1.124186613546437e-16, 3.959312026071476e-22, 5.276513092176411e-03, 1.567213356820118e-03, 3.104138880185136e+01, 7.827792243981543e+00, 8.559505233275253e+04, 1.903652929646109e+02, 1.312723688869607e-20, 1.642652759318359e-14, 5.785316019830031e-20, 7.710000000000000e-01, 2.289999999999835e-01, 5.035919859057251e+03, 2.552024261339388e+03, 8.821499180152312e+02, 4.535743652699961e+03, 1.143790930616342e+03, 4.608704177453476e+00, 1.886053220617655e-01
48, 2.852762319678226e-02, 7.639895685130482e-03, 1.024699709533846e-22, 1.239741694572942e-16, 4.582212821285476e-22, 5.319131702214704e-03, 1.579871802603206e-03, 3.126540713480822e+01, 7.943605112460633e+00, 8.626939220063626e+04, 1.930732137819596e+02, 1.485286547279227e-20, 1.796986613656809e-14, 6.641847359673628e-20, 7.710000000000000e-01, 2.289999999999820e-01, 5.093610025735809e+03, 2.560577686932737e+03, 8.836905916089985e+02, 4.531872916570271e+03, 1.151413404401532e+03, 4.599149115697077e+00, 1.909896985250131e-01
49, 2.941911142168101e-02, 7.878642425290624e-03, 1.071805430210277e-22, 1.283597773182675e-16, 4.924529891114394e-22, 5.271785273020823e-03, 1.565809114814098e-03, 3.099017518443529e+01, 7.915596348549280e+00, 8.551976498258494e+04, 1.921064924349834e+02, 1.567518295787120e-20, 1.877265161364878e-14, 7.202138079257465e-20, 7.710000000000000e-01, 2.289999999999812e-01, 5.030000768734184e+03, 2.551310682880026e+03, 8.846868180106438e+02, 4.532321373079801e+03, 1.157658073814986e+03, 4.609441437776717e+00, 1.883606817623398e-01
50, 3.031059964657972e-02, 8.117389165450753e-03, 1.082662865788156e-22, 1.297968260581608e-16, 5.135338909803459e-22, 5.219594805550018e-03, 1.550307665980355e-03, 3.069263145216153e+01, 7.869738189879426e+00, 8.469603121328173e+04, 1.907102604967759e+02, 1.599229634904021e-20, 1.917262864627606e-14, 7.585543412773107e-20, 7.710000000000000e-01, 2.289999999999807e-01, 4.957295407991925e+03, 2.539574852418398e+03, 8.853623853934212e+02, 4.533688864977505e+03, 1.162459610455847e+03, 4.622563850904947e+00, 1.853557164296569e-01
51, 3.120208876295687e-02, 8.356136144355005e-03, 1.087078933855246e-22, 1.310220175863630e-16, 5.336761167756718e-22, 5.170390829987857e-03, 1.535693255599375e-03, 3.041632986950066e+01, 7.812257340053091e+00, 8.392020292854519e+04, 1.894198196990699e+02, 1.621033855199614e-20, 1.953778328964797e-14, 7.958088654489768e-20, 7.710000000000001e-01, 2.289999999999804e-01, 4.887981443861015e+03, 2.527895894159677e+03, 8.860458248374690e+02, 4.535632044171812e+03, 1.164950698551947e+03, 4.635705959554657e+00, 1.824909199805672e-01
52, 3.211603615231537e-02, 8.600897604790440e-03, 1.129603003171260e-22, 1.356880280814667e-16, 5.693085432034204e-22, 5.172107551998100e-03, 1.536203150982439e-03, 3.042196040627180e+01, 7.844782638781330e+00, 8.395244771769014e+04, 1.901465341870881e+02, 1.683885933711073e-20, 2.022685502941554e-14, 8.486615608762157e-20, 7.710000000000000e-01, 2.289999999999798e-01, 4.885223587099870e+03, 2.525631041612527e+03, 8.869384166835773e+02, 4.534965918134135e+03, 1.169412537093085e+03, 4.638246463585907e+00, 1.823769357588380e-01
53, 3.306263821957166e-02, 8.854404214832268e-03, 1.214259681855910e-22, 1.441189391274109e-16, 6.257697241620114e-22, 5.188793872620052e-03, 1.541159269558859e-03, 3.050772168088253e+01, 7.910959433807601e+00, 8.422121861773242e+04, 1.917337163994969e+02, 1.804261718028472e-20, 2.141455313026852e-14, 9.298277579974304e-20, 7.710000000000001e-01, 2.289999999999786e-01, 4.903061937115958e+03, 2.526701682842175e+03, 8.882407827156488e+02, 4.533125422475764e+03, 1.175485069015823e+03, 4.637004640015636e+00, 1.831142077129740e-01
54, 3.404330350149454e-02, 9.117033190412857e-03, 1.287927759018899e-22, 1.517901681650869e-16, 6.827082703943344e-22, 5.173764523398094e-03, 1.536695299426779e-03, 3.042186755282552e+01, 7.909815526562705e+00, 8.398814162810489e+04, 1.922116110023574e+02, 1.919283913507877e-20, 2.261993546981479e-14, 1.017379268216708e-19, 7.710000000000000e-01, 2.289999999999774e-01, 4.877990314657988e+03, 2.521083812035016e+03, 8.896232487050720e+02, 4.533499693917886e+03, 1.178729287620228e+03, 4.643335536562346e+00, 1.820779793585423e-01
55, 3.505990866283369e-02, 9.389287115390117e-03, 1.327803451303179e-22, 1.565635644555264e-16, 7.249867937715050e-22, 5.164929734174918e-03, 1.534071218062173e-03, 3.037457900122371e+01, 7.913104661697222e+00, 8.385663017951949e+04, 1.926129673946367e+02, 1.982091748859561e-20, 2.337118110174910e-14, 1.082231214684905e-19, 7.710000000000000e-01, 2.289999999999766e-01, 4.857752772495453e+03, 2.514918985148600e+03, 8.905989038261405e+02, 4.534195355067025e+03, 1.181236533345245e+03, 4.650318090501087e+00, 1.812415470515394e-01
56, 3.611437659401692e-02, 9.671680953179728e-03, 1.386532793984054e-22, 1.631069876203519e-16, 7.779277933200908e-22, 5.165573490792135e-03, 1.534262424632002e-03, 3.037914325676364e+01, 7.927650800072207e+00, 8.387291642807491e+04, 1.934968262821530e+02, 2.069502613925203e-20, 2.434492272338319e-14, 1.161114694658645e-19, 7.709999999999999e-01, 2.289999999999757e-01, 4.852523880769058e+03, 2.511898839952238e+03, 8.917463270933326e+02, 4.534311532439930e+03, 1.183260441023823e+03, 4.653731615295678e+00, 1.810254331610950e-01
57, 3.720781251492448e-02, 9.964510689344029e-03, 1.431172633348971e-22, 1.683659237328465e-16, 8.249823880562976e-22, 5.161823764737059e-03, 1.533148692768686e-03, 3.036169257100000e+01, 7.928834136036306e+00, 8.382054832290944e+04, 1.940813317772465e+02, 2.137682630410892e-20, 2.514811297604175e-14, 1.232241645940436e-19, 7.710000000000000e-01, 2.289999999999749e-01, 4.840485566034171e+03, 2.507487434231607e+03, 8.927125356432180e+02, 4.534998876203096e+03, 1.184296751982464e+03, 4.658744666106961e+00, 1.805278808750882e-01
58, 3.834153283913298e-02, 1.026812886858450e-02, 1.470891108727481e-22, 1.734385769544883e-16, 8.736438480471052e-22, 5.150579826288549e-03, 1.529809053462963e-03, 3.030379795385013e+01, 7.915390173867258e+00, 8.365015255540931e+04, 1.944061021291602e+02, 2.201804618269700e-20, 2.596234741366361e-14, 1.307773939171606e-19, 7.709999999999999e-01, 2.289999999999741e-01, 4.817752072779846e+03, 2.501159185232075e+03, 8.937091668812416e+02, 4.536232620484295e+03, 1.184869670964646e+03, 4.665966616786739e+00, 1.795882890977748e-01
59, 3.951707266937012e-02, 1.058294660207660e-02, 1.538151724498243e-22, 1.813046148143730e-16, 9.401488883157283e-22, 5.157464578290352e-03, 1.531853940892803e-03, 3.034255712116427e+01, 7.943469298952477e+00, 8.376590671394134e+04, 1.956255364878482e+02, 2.299414686394732e-20, 2.710360020896530e-14, 1.405447932580292e-19, 7.709999999999999e-01, 2.289999999999729e-01, 4.820252480534839e+03, 2.499116728237606e+03, 8.949840755054914e+02, 4.535971345085334e+03, 1.187485582600461e+03, 4.668280139809322e+00, 1.796916327652103e-01
60, 4.073611831285641e-02, 1.090941549460945e-02, 1.612653833181593e-22, 1.895825171321488e-16, 1.009532450722668e-21, 5.162210985794425e-03, 1.533263703951722e-03, 3.036965026811333e+01, 7.964036250037474e+00, 8.384669283282108e+04, 1.967577434945911e+02, 2.408572816579028e-20, 2.831502259615461e-14, 1.507783237936361e-19, 7.709999999999999e-01, 2.289999999999717e-01, 4.820992081197119e+03, 2.497202011370303e+03, 8.962450075683638e+02, 4.535847221500573e+03, 1.189465515004314e+03, 4.670449720390393e+00, 1.797222009974217e-01
61, 4.199973579341539e-02, 1.124782103476910e-02, 1.675870419486671e-22, 1.972660244306627e-16, 1.081001614885461e-21, 5.151703140735256e-03, 1.530142696794062e-03, 3.031259395965919e+01, 7.963326606969265e+00, 8.368774322049103e+04, 1.973296456909301e+02, 2.508095008828118e-20, 2.952268418446453e-14, 1.617818850015763e-19, 7.710000000000000e-01, 2.289999999999705e-01, 4.799455793707188e+03, 2.491117284243604e+03, 8.975323224960621e+02, 4.536559911245527e+03, 1.191785443812866e+03, 4.677424935742063e+00, 1.788320906033428e-01
62, 4.330924441866192e-02, 1.159851654230057e-02, 1.715345560158528e-22, 2.034252970110030e-16, 1.144023214830214e-21, 5.147469607114072e-03, 1.528885265926026e-03, 3.029193468506790e+01, 7.967650071652681e+00, 8.362842667665640e+04, 1.980169156779323e+02, 2.569284576356541e-20, 3.046951530878803e-14, 1.713544646121013e-19, 7.709999999999999e-01, 2.289999999999695e-01, 4.786055893710085e+03, 2.486205276367076e+03, 8.986552579400643e+02, 4.537196608195492e+03, 1.193413205733976e+03, 4.683071011238016e+00, 1.782782630101416e-01
63, 4.466648738017173e-02, 1.196199563671325e-02, 1.798589687256241e-22, 2.131976306457237e-16, 1.229878064699656e-21, 5.158637933878682e-03, 1.532202447286711e-03, 3.035792283518954e+01, 7.991738562681945e+00, 8.381283798933896e+04, 1.995033711789161e+02, 2.688137191733320e-20, 3.186410353561337e-14, 1.838151853333257e-19, 7.709999999999999e-01, 2.289999999999682e-01, 4.793475112810602e+03, 2.484668408571287e+03, 9.000461168338410e+02, 4.537236147591509e+03, 1.194429713968114e+03, 4.684815593856532e+00, 1.785849047208081e-01
64, 4.607394334706959e-02, 1.233892212281907e-02, 1.872931900630971e-22, 2.231903330661504e-16, 1.324976456578800e-21, 5.153181808196114e-03, 1.530581885962047e-03, 3.033001630095615e+01, 7.999969951298289e+00, 8.373568434105518e+04, 2.005003822524050e+02, 2.802211428072952e-20, 3.339291202967258e-14, 1.982380762109874e-19, 7.710000000000000e-01, 2.289999999999666e-01, 4.776912709153744e+03, 2.478705034990869e+03, 9.016332970820190e+02, 4.537864845141759e+03, 1.196925911412797e+03, 4.691691307854235e+00, 1.779003685558451e-01
65, 4.753441116795683e-02, 1.273004555171822e-02, 1.893002608345311e-22, 2.286318575209879e-16, 1.388825212483056e-21, 5.149474238329691e-03, 1.529480675197566e-03, 3.031644600097413e+01, 7.993014856629375e+00, 8.368595985583632e+04, 2.011666870959417e+02, 2.834279663291698e-20, 3.423168152519181e-14, 2.079404982462367e-19, 7.709999999999999e-01, 2.289999999999658e-01, 4.762954861818320e+03, 2.473241838365413e+03, 9.026964596261391e+02, 4.539100262463446e+03, 1.196746341323611e+03, 4.698019959509771e+00, 1.773234805941649e-01
66, 4.904722907946974e-02, 1.313518869858435e-02, 1.904214046364662e-22, 2.336377288108872e-16, 1.451215094062665e-21, 5.142075767052993e-03, 1.527283204481136e-03, 3.028610778886790e+01, 7.972787593439471e+00, 8.358011025524422e+04, 2.016709849815213e+02, 2.855168022132382e-20, 3.503151199509302e-14, 2.175943895442768e-19, 7.710000000000000e-01, 2.289999999999650e-01, 4.741726099706388e+03, 2.465761123233904e+03, 9.037365206160587e+02, 4.541082271644501e+03, 1.195435367547061e+03, 4.706727389247362e+00, 1.764460804471761e-01
67, 5.061579951229327e-02, 1.355526275799297e-02, 1.963607549787535e-22, 2.433151454301927e-16, 1.545887813093663e-21, 5.157855823067828e-03, 1.531970147188515e-03, 3.038105522742543e+01, 7.999390090309005e+00, 8.384024898671241e+04, 2.033962271841014e+02, 2.935214695446287e-20, 3.637092302729370e-14, 2.310804227145494e-19, 7.709999999999999e-01, 2.289999999999637e-01, 4.752630345462339e+03, 2.463870326088289e+03, 9.051792775788716e+02, 4.541381997454288e+03, 1.195754587021371e+03, 4.708905164883265e+00, 1.768967608391192e-01
68, 5.224297969845960e-02, 1.399103291653265e-02, 2.046010442453083e-22, 2.540384059381456e-16, 1.643202909243251e-21, 5.182495798239928e-03, 1.539288635274641e-03, 3.052342495464407e+01, 8.039067613869125e+00, 8.423797693854144e+04, 2.054082490366063e+02, 3.043850130408338e-20, 3.779329855797069e-14, 2.444593285452951e-19, 7.709999999999999e-01, 2.289999999999623e-01, 4.778126000894023e+03, 2.465310628509112e+03, 9.065261223457574e+02, 4.540970520038436e+03, 1.195972244183602e+03, 4.707186115139194e+00, 1.779505147841390e-01
69, 5.392886588664213e-02, 1.444252495026680e-02, 2.200293058579782e-22, 2.725733958965005e-16, 1.811807725495530e-21, 5.188391426952142e-03, 1.541039736409638e-03, 3.056067970733677e+01, 8.052513815779351e+00, 8.433907644968055e+04, 2.074474363097644e+02, 3.269656833045761e-20, 4.050467109025626e-14, 2.692363858864920e-19, 7.709999999999999e-01, 2.289999999999596e-01, 4.778291577614169e+03, 2.462594601252419e+03, 9.088531749344237e+02, 4.541346655527497e+03, 1.196611365849277e+03, 4.710309310543700e+00, 1.779573581901665e-01
70, 5.567779462008837e-02, 1.491090021560484e-02, 2.314041947643234e-22, 2.873609239881078e-16, 1.953029044903781e-21, 5.211379304900530e-03, 1.547867523763944e-03, 3.069454998082634e+01, 8.096162943252974e+00, 8.471387725072044e+04, 2.097223939729043e+02, 3.423520410335949e-20, 4.251374913096255e-14, 2.889418147331643e-19, 7.709999999999999e-01, 2.289999999999576e-01, 4.798337466176608e+03, 2.462017373230771e+03, 9.105866344268679e+02, 4.541119855344864e+03, 1.197790693027896e+03, 4.710943029275123e+00, 1.787858693147657e-01
71, 5.749073580602473e-02, 1.539641846044035e-02, 2.488256791879886e-22, 3.079697646111632e-16, 2.147115031928696e-21, 5.224968094141084e-03, 1.551903623291921e-03, 3.077300893395390e+01, 8.132228054987165e+00, 8.493835828489519e+04, 2.120623822171985e+02, 3.671689380631058e-20, 4.544423702442523e-14, 3.168298178649749e-19, 7.709999999999999e-01, 2.289999999999547e-01, 4.807261553578642e+03, 2.460181326284966e+03, 9.128650736166161e+02, 4.540887037125286e+03, 1.199997343031776e+03, 4.713039957455925e+00, 1.791547083246429e-01
72, 5.936984105820705e-02, 1.589965590188528e-02, 2.568115095809905e-22, 3.203284137433734e-16, 2.279075715080769e-21, 5.231634093566683e-03, 1.553883537518189e-03, 3.081640612086130e+01, 8.146250143994795e+00, 8.505367507158125e+04, 2.135026869761902e+02, 3.784700350707352e-20, 4.720766066186524e-14, 3.358735234346863e-19, 7.709999999999999e-01, 2.289999999999529e-01, 4.806441973289695e+03, 2.456627736276789e+03, 9.143446054542754e+02, 4.541496728221294e+03, 1.200534813538165e+03, 4.717177342006040e+00, 1.791208344764082e-01
73, 6.131888829774556e-02, 1.642162429345971e-02, 2.590433523596871e-22, 3.285500426748091e-16, 2.384605932539560e-21, 5.224369662128766e-03, 1.551725878893948e-03, 3.078354064808927e+01, 8.137029877549690e+00, 8.494944557021405e+04, 2.141678834153349e+02, 3.822899939816627e-20, 4.848663078696868e-14, 3.519144495680379e-19, 7.710000000000000e-01, 2.289999999999515e-01, 4.785895420444991e+03, 2.449527469829638e+03, 9.155597318635430e+02, 4.542961423982760e+03, 1.200843439748958e+03, 4.725512431291127e+00, 1.782716305336157e-01
74, 6.333959785032550e-02, 1.696278435033394e-02, 2.746974255944455e-22, 3.495632768512748e-16, 2.594562381555679e-21, 5.243590670188617e-03, 1.557434842377333e-03, 3.089508324432710e+01, 8.172925472054899e+00, 8.526230435705707e+04, 2.167039245673683e+02, 4.039058890264200e-20, 5.139861278352572e-14, 3.814957577738371e-19, 7.709999999999999e-01, 2.289999999999486e-01, 4.803182435676074e+03, 2.449363879261833e+03, 9.177539085894169e+02, 4.542709505682938e+03, 1.201719572578243e+03, 4.725650557497575e+00, 1.789861154209010e-01
75, 6.543449253022506e-02, 1.752381169969871e-02, 2.878067330560277e-22, 3.678818204907587e-16, 2.784061289474580e-21, 5.248912629770756e-03, 1.559015554107937e-03, 3.092818165394135e+01, 8.187928471941877e+00, 8.535384467155587e+04, 2.184608066100590e+02, 4.227523047871511e-20, 5.403726516414938e-14, 4.089439862287533e-19, 7.710000000000000e-01, 2.289999999999460e-01, 4.803053695917795e+03, 2.446814844829182e+03, 9.196741871860387e+02, 4.542965321987123e+03, 1.202704883305116e+03, 4.728613926792793e+00, 1.789807945132455e-01
76, 6.760644752453709e-02, 1.810547633663256e-02, 3.027989192195079e-22, 3.894057685527078e-16, 3.011782312441405e-21, 5.246997215472883e-03, 1.558446643765227e-03, 3.092049406001468e+01, 8.194186116418354e+00, 8.533105634950465e+04, 2.201613004619275e+02, 4.449363266856628e-20, 5.721974592797253e-14, 4.425548685340873e-19, 7.710000000000000e-01, 2.289999999999428e-01, 4.792942287231345e+03, 2.442555128428846e+03, 9.218912563099148e+02, 4.543494105537234e+03, 1.204063435964521e+03, 4.733600472251194e+00, 1.785628826528659e-01
77, 6.985839957815661e-02, 1.870856474182115e-02, 3.068502368939286e-22, 4.012925505967081e-16, 3.157857016885888e-21, 5.244416854051892e-03, 1.557680232915141e-03, 3.091220209731743e+01, 8.191434870725113e+00, 8.529883183997871e+04, 2.211841882620253e+02, 4.511112278621283e-20, 5.899541648200959e-14, 4.642475660831459e-19, 7.709999999999999e-01, 2.289999999999410e-01, 4.780845734702612e+03, 2.437589298677697e+03, 9.232962917029897e+02, 4.544510568151703e+03, 1.204251389827940e+03, 4.739458684573298e+00, 1.780629233565675e-01
78, 7.219325844631382e-02, 1.933385616793038e-02, 3.141146529925993e-22, 4.157809120726845e-16, 3.325665055242208e-21, 5.247149889414232e-03, 1.558491990500050e-03, 3.093313961922668e+01, 8.194883478688357e+00, 8.534961594462726e+04, 2.225062047251795e+02, 4.615503703179522e-20, 6.109356316555050e-14, 4.886629525801455e-19, 7.710000000000000e-01, 2.289999999999389e-01, 4.777005065538125e+03, 2.434362448110510e+03, 9.247907106741849e+02, 4.545220004966584e+03, 1.204130870134923e+03, 4.743259471815477e+00, 1.779041857122485e-01
79, 7.461397849477001e-02, 1.998214181463633e-02, 3.287160594367437e-22, 4.392228769574045e-16, 3.581244322372343e-21, 5.248112498785143e-03, 1.558777901713955e-03, 3.094261818511965e+01, 8.200449933317138e+00, 8.537213283270953e+04, 2.243704832706044e+02, 4.829166331407661e-20, 6.452621551320577e-14, 5.261204620114827e-19, 7.710000000000001e-01, 2.289999999999355e-01, 4.771022244860320e+03, 2.430867650050213e+03, 9.270412276631769e+02, 4.545778815955208e+03, 1.204727775948227e+03, 4.747367518969567e+00, 1.776569113910028e-01
80, 7.712375765598738e-02, 2.065427811046968e-02, 3.411829801846430e-22, 4.612722363683501e-16, 3.827938685220136e-21, 5.253389086273334e-03, 1.560345137167624e-03, 3.097709888976266e+01, 8.210023495723091e+00, 8.546328191753874e+04, 2.262724242818479e+02, 5.007283363223425e-20, 6.769742130261355e-14, 5.617974754651870e-19, 7.709999999999999e-01, 2.289999999999323e-01, 4.770505410071204e+03, 2.428162981671687e+03, 9.291005437936092e+02, 4.546273434498157e+03, 1.204922767236502e+03, 4.750544145742272e+00, 1.776355502340240e-01
81, 7.972633713574356e-02, 2.135126697632939e-02, 3.571468010333540e-22, 4.858249282316860e-16, 4.097786311122181e-21, 5.262916107387991e-03, 1.563174823075844e-03, 3.103505018021863e+01, 8.225363682352949e+00, 8.562120869719733e+04, 2.283591028227845e+02, 5.232083848157299e-20, 7.117176333873411e-14, 6.003122948207552e-19, 7.709999999999999e-01, 2.289999999999289e-01, 4.776217603846329e+03, 2.426669693747202e+03, 9.311489867145740e+02, 4.546533366807578e+03, 1.204988882530671e+03, 4.752276557033721e+00, 1.778716393489473e-01
82, 8.242461639642955e-02, 2.207388490838751e-02, 3.744431330560723e-22, 5.143585860288513e-16, 4.415513685922041e-21, 5.270369264513013e-03, 1.565388536411263e-03, 3.108062417850211e+01, 8.242001540861333e+00, 8.574684933866416e+04, 2.306423012542451e+02, 5.477712112699707e-20, 7.524529115985724e-14, 6.459435536649175e-19, 7.710000000000000e-01, 2.289999999999248e-01, 4.778594625623919e+03, 2.424443983071133e+03, 9.335315450326077e+02, 4.546770831216006e+03, 1.205718777769788e+03, 4.754878509011944e+00, 1.779698833843769e-01
83, 8.522212594146307e-02, 2.282307739998714e-02, 3.931963681764654e-22, 5.456228879482462e-16, 4.770190789923161e-21, 5.271300355240730e-03, 1.565665086056688e-03, 3.109093390188239e+01, 8.244641002084881e+00, 8.576925371237389e+04, 2.327398113701731e+02, 5.751036356003856e-20, 7.980483339179530e-14, 6.977058507725270e-19, 7.709999999999999e-01, 2.289999999999202e-01, 4.772182945645374e+03, 2.420763320447827e+03, 9.360214048687484e+02, 4.547475655512446e+03, 1.205891864288797e+03, 4.759225987511457e+00, 1.777048839969441e-01
84, 8.812282375538115e-02, 2.359990442688505e-02, 4.156690592851960e-22, 5.819200635730768e-16, 5.178181670279681e-21, 5.283369270773459e-03, 1.569249757466503e-03, 3.116325463522202e+01, 8.267430811206918e+00, 8.596908716708609e+04, 2.354956675928870e+02, 6.065842235970935e-20, 8.491936603726367e-14, 7.556500148249471e-19, 7.710000000000000e-01, 2.289999999999151e-01, 4.779648805636619e+03, 2.419012039434863e+03, 9.386948544635453e+02, 4.547641493973932e+03, 1.206462927113816e+03, 4.761258803731472e+00, 1.780134534094787e-01
85, 9.113047082487051e-02, 2.440537320744504e-02, 4.372567278590584e-22, 6.157645710141338e-16, 5.563233989116767e-21, 5.293523690202458e-03, 1.572265791252773e-03, 3.122504463624792e+01, 8.283675497797990e+00, 8.613745024352352e+04, 2.378686745490452e+02, 6.368629988438576e-20, 8.968590905347200e-14, 8.102832171220489e-19, 7.710000000000000e-01, 2.289999999999103e-01, 4.785701084343164e+03, 2.417428938482163e+03, 9.409905654765258e+02, 4.547917573148025e+03, 1.206514636105838e+03, 4.763101103266428e+00, 1.782635984814683e-01
86, 9.424866669024891e-02, 2.524044772357169e-02, 4.656160750926303e-22, 6.593322815051576e-16, 6.058674042382002e-21, 5.301697487625505e-03, 1.574693546907565e-03, 3.127623016229762e+01, 8.295920950145900e+00, 8.627481017454808e+04, 2.406226784063089e+02, 6.771227417903853e-20, 9.588347698581183e-14, 8.810834072633313e-19, 7.710000000000000e-01, 2.289999999999041e-01, 4.788736750564053e+03, 2.415232970138853e+03, 9.438273902718066e+02, 4.548349563779335e+03, 1.206435310104267e+03, 4.765668233080222e+00, 1.783890647698168e-01
87, 9.748170013635063e-02, 2.610627654163954e-02, 5.026955499862163e-22, 7.124437214188158e-16, 6.655454675957063e-21, 5.322482921948908e-03, 1.580867171369326e-03, 3.139564312852124e+01, 8.334632815571359e+00, 8.661178034279295e+04, 2.442277234884870e+02, 7.281907236208757e-20, 1.032026062401671e-13, 9.640905626962484e-19, 7.710000000000000e-01, 2.289999999998968e-01, 4.808783439332585e+03, 2.415872172452275e+03, 9.469634608732717e+02, 4.547885114345556e+03, 1.207331614781873e+03, 4.764815938575341e+00, 1.792176089675145e-01
88, 1.008339308239883e-01, 2.700402720910258e-02, 5.329414405698135e-22, 7.621489882641455e-16, 7.242607904393845e-21, 5.328506267482043e-03, 1.582656206553567e-03, 3.143457013773583e+01, 8.349906943966998e+00, 8.671693200368799e+04, 2.469695909790728e+02, 7.711314016592002e-20, 1.102779729354304e-13, 1.047957985592530e-18, 7.709999999999999e-01, 2.289999999998897e-01, 4.807090568736883e+03, 2.412291754155009e+03, 9.498510410840910e+02, 4.548376666852817e+03, 1.208176913122163e+03, 4.769051984230648e+00, 1.791476413970236e-01
89, 1.043097319128833e-01, 2.793487088851627e-02, 5.532807444660519e-22, 8.016139278440388e-16, 7.730628420495260e-21, 5.337246369430102e-03, 1.585252164200876e-03, 3.149193007319123e+01, 8.360022088454043e+00, 8.686599992546771e+04, 2.492259153491614e+02, 7.992500710228130e-20, 1.157983528562027e-13, 1.116739625575552e-18, 7.710000000000000e-01, 2.289999999998842e-01, 4.808145260654908e+03, 2.408869861493959e+03, 9.520069629275301e+02, 4.549214408669507e+03, 1.207659640206249e+03, 4.773124556265027e+00, 1.791912325795440e-01
90, 1.079134959989725e-01, 2.889998394758972e-02, 5.894079262421228e-22, 8.630792179457797e-16, 8.469090029018488e-21, 5.344566197116703e-03, 1.587426276444954e-03, 3.153976222211409e+01, 8.371361157387861e+00, 8.699191999854503e+04, 2.523539931583022e+02, 8.502720227842540e-20, 1.245066582569762e-13, 1.221739645753830e-18, 7.710000000000001e-01, 2.289999999998755e-01, 4.807952744379568e+03, 2.405474395855286e+03, 9.552335772915562e+02, 4.549884083458193e+03, 1.207641408918844e+03, 4.777144237834921e+00, 1.791832757421462e-01
91, 1.116309809947942e-01, 2.989555225635505e-02, 6.276834594774182e-22, 9.289814616626854e-16, 9.267246446936999e-21, 5.359334454166553e-03, 1.591812697799513e-03, 3.162846929062756e+01, 8.399443297428409e+00, 8.723682319568133e+04, 2.558303041831277e+02, 9.029926223037877e-20, 1.336443383161307e-13, 1.333196700391332e-18, 7.710000000000000e-01, 2.289999999998664e-01, 4.816713561834841e+03, 2.403216897050665e+03, 9.584267344147773e+02, 4.550107859776430e+03, 1.208353544213430e+03, 4.779792573691888e+00, 1.795453666866143e-01
92, 1.154556628374381e-01, 3.091982862543962e-02, 6.759409721810077e-22, 1.007890186312071e-15, 1.021746461995760e-20, 5.372399190446506e-03, 1.595693144761962e-03, 3.170670180832887e+01, 8.424737682336680e+00, 8.745351838997201e+04, 2.596041525256770e+02, 9.700516865505737e-20, 1.446436324069996e-13, 1.466321645643124e-18, 7.710000000000000e-01, 2.289999999998554e-01, 4.824422198217312e+03, 2.401209432726452e+03, 9.620185470670131e+02, 4.550270042794388e+03, 1.209045069590544e+03, 4.782129699464845e+00, 1.798639702236176e-01
93, 1.194211400542905e-01, 3.198181097390006e-02, 7.286831209824188e-22, 1.090848801709783e-15, 1.121947323858352e-20, 5.389913694161342e-03, 1.600895247681071e-03, 3.180866678031287e+01, 8.459189033904329e+00, 8.774008185710108e+04, 2.634787556941477e+02, 1.042344494098364e-19, 1.560404254764430e-13, 1.604889123979535e-18, 7.710000000000000e-01, 2.289999999998439e-01, 4.838693102462466e+03, 2.400486539675273e+03, 9.654415391718245e+02, 4.550069533430103e+03, 1.210044374589017e+03, 4.782913643634639e+00, 1.804537970546095e-01
94, 1.235329691157358e-01, 3.308298736310846e-02, 7.824508284729820e-22, 1.188766538650428e-15, 1.244541152557511e-20, 5.396470228892182e-03, 1.602842649047202e-03, 3.185226919235108e+01, 8.475327523771782e+00, 8.785621829821711e+04, 2.673015138517188e+02, 1.117896630880722e-19, 1.698404628255742e-13, 1.778090470108683e-18, 7.709999999999999e-01, 2.289999999998301e-01, 4.835173669299364e+03, 2.395826149701571e+03, 9.693732771047705e+02, 4.550770875343846e+03, 1.210879935155221e+03, 4.788470885904512e+00, 1.803083363273969e-01
95, 1.277962626229142e-01, 3.422472698316944e-02, 8.071334667302620e-22, 1.248922730959322e-15, 1.325525987682884e-20, 5.415840919260628e-03, 1.608596070700027e-03, 3.197265086392310e+01, 8.504844291033965e+00, 8.817965077531965e+04, 2.700842062110692e+02, 1.149036524754476e-19, 1.777968444651242e-13, 1.887020966345194e-18, 7.710000000000000e-01, 2.289999999998222e-01, 4.844457982518416e+03, 2.391840982273781e+03, 9.714035631630998e+02, 4.551631811860910e+03, 1.210751025767275e+03, 4.793271374681348e+00, 1.806920637317616e-01
96, 1.322166984316482e-01, 3.540855040331866e-02, 8.641390967023310e-22, 1.365712994589202e-15, 1.476038315771625e-20, 5.435562156479812e-03, 1.614453610678111e-03, 3.209351049941511e+01, 8.541697540047913e+00, 8.850963208229568e+04, 2.748502067633780e+02, 1.225726473872163e-19, 1.937177220157478e-13, 2.093666687452494e-18, 7.710000000000000e-01, 2.289999999998062e-01, 4.853214563760667e+03, 2.387470612282253e+03, 9.755808400145164e+02, 4.552260811800534e+03, 1.211585593870193e+03, 4.798494281682357e+00, 1.810539795904706e-01
97, 1.368001042322728e-01, 3.663601831951517e-02, 9.117056463577968e-22, 1.466722230458326e-15, 1.607402994140395e-20, 5.452986480598076e-03, 1.619628928736483e-03, 3.220026937102674e+01, 8.570851503054174e+00, 8.879989560995590e+04, 2.787971018177980e+02, 1.289064361048563e-19, 2.073804590763152e-13, 2.272713700816509e-18, 7.710000000000000e-01, 2.289999999997926e-01, 4.862236455663781e+03, 2.384265764961919e+03, 9.789369178540321e+02, 4.552809322633547e+03, 1.211836217156731e+03, 4.802324185070129e+00, 1.814268609313690e-01
98, 1.415524108020030e-01, 3.790871903510071e-02, 9.421413387249223e-22, 1.538071115533615e-15, 1.702666138773214e-20, 5.470990616258104e-03, 1.624976460599118e-03, 3.231010196364852e+01, 8.599461294023486e+00, 8.909832718714653e+04, 2.816703840066255e+02, 1.327713796470979e-19, 2.167528539625762e-13, 2.399484270897928e-18, 7.710000000000000e-01, 2.289999999997832e-01, 4.873049315061617e+03, 2.381704324431808e+03, 9.810589302908933e+02, 4.553304942608548e+03, 1.211880100468320e+03, 4.805405827313534e+00, 1.818737642587984e-01
99, 1.464799102645229e-01, 3.922833762451179e-02, 1.004100101493839e-21, 1.675326800534478e-15, 1.882623647579623e-20, 5.479655340094961e-03, 1.627550029676334e-03, 3.236795504708628e+01, 8.615058996988848e+00, 8.924993006049021e+04, 2.860163280616740e+02, 1.412791736347297e-19, 2.357223005908430e-13, 2.648894396082100e-18, 7.710000000000000e-01, 2.289999999997642e-01, 4.870274338359040e+03, 2.376584120190513e+03, 9.852704663542420e+02, 4.554245074266120e+03, 1.212158443265027e+03, 4.811580154474021e+00, 1.817590724574633e-01
100, 1.515891417382304e-01, 4.059662530908530e-02, 1.006631657218671e-21, 1.735371593144548e-15, 1.974646956379150e-20, 5.494919098351659e-03, 1.632083623244088e-03, 3.246871642090827e+01, 8.637621268728125e+00, 8.951223244314885e+04, 2.882009263234589e+02, 1.412419352904414e-19, 2.434924835773842e-13, 2.770655538541092e-18, 7.709999999999999e-01, 2.289999999997565e-01, 4.870146847705670e+03, 2.369920417185994e+03, 9.867589270599425e+02, 4.555732288766484e+03, 1.211957060511974e+03, 4.819756410738830e+00, 1.817538031762204e-01
101, 1.568867156612559e-01, 4.201535241007798e-02, 1.048888997710076e-21, 1.860541211942979e-15, 2.145535597083174e-20, 5.507851692710054e-03, 1.635924821827714e-03, 3.255085907121462e+01, 8.662936641587333e+00, 8.973303438605095e+04, 2.922020861893778e+02, 1.468255614625243e-19, 2.604422476201832e-13, 3.003363266916869e-18, 7.709999999999999e-01, 2.289999999997396e-01, 4.871479026180377e+03, 2.365002520964465e+03, 9.903013518976459e+02, 4.556533789230992e+03, 1.212655046522771e+03, 4.825741426879198e+00, 1.818088630795422e-01
102, 1.623795444791689e-01, 4.348637012843689e-02, 1.086881807019335e-21, 1.983798396490534e-15, 2.315795926071692e-20, 5.518862928383801e-03, 1.639195344485552e-03, 3.262067148168558e+01, 8.687910301748380e+00, 8.992213549087058e+04, 2.958906215008450e+02, 1.518403127756810e-19, 2.771419735445610e-13, 3.235229216907099e-18, 7.710000000000000e-01, 2.289999999997228e-01, 4.871510209428916e+03, 2.360298976399312e+03, 9.935880833414861e+02, 4.557195574296482e+03, 1.213724444613018e+03, 4.831484363503178e+00, 1.818101519058386e-01
103, 1.680748718576803e-01, 4.501161836816416e-02, 1.114690267849559e-21, 2.089986911306476e-15, 2.465054298018471e-20, 5.525313828199339e-03, 1.641111370500697e-03, 3.266481631093546e+01, 8.700608442691919e+00, 9.003669161470597e+04, 2.988021376188819e+02, 1.555434176653982e-19, 2.916359067956199e-13, 3.439726543807231e-18, 7.710000000000000e-01, 2.289999999997084e-01, 4.867756676543497e+03, 2.355726782682345e+03, 9.962897925089542e+02, 4.558034920513956e+03, 1.214079293574102e+03, 4.837096150371561e+00, 1.816550156671814e-01
104, 1.736973472536992e-01, 4.651735634084748e-02, 1.152469755065689e-21, 2.201147491345879e-15, 2.615818090510244e-20, 5.529688530295458e-03, 1.642410730785944e-03, 3.269429330456322e+01, 8.709107734616525e+00, 9.011401181942906e+04, 3.017234860796988e+02, 1.606879259631952e-19, 3.069042146822318e-13, 3.647214009856064e-18, 7.709999999999999e-01, 2.289999999996931e-01, 4.865577667737986e+03, 2.352809410441239e+03, 9.991037162436177e+02, 4.558538876053365e+03, 1.214303848508184e+03, 4.840653102739558e+00, 1.815649556516155e-01
105, 1.778935653319111e-01, 4.764113269503090e-02, 1.226950878814871e-21, 2.356377146735782e-15, 2.814793476724038e-20, 5.542546022615618e-03, 1.646229622797873e-03, 3.276695888601149e+01, 8.736399718404918e+00, 9.032263105702285e+04, 3.059703802671735e+02, 1.706759174766116e-19, 3.277856011876516e-13, 3.915539468141534e-18, 7.709999999999999e-01, 2.289999999996722e-01, 4.877802576376439e+03, 2.353249198389050e+03, 1.002794163949206e+03, 4.558072264629149e+03, 1.215283401419818e+03, 4.839996964758790e+00, 1.820702199990960e-01
106, 1.808818454983137e-01, 4.844141488439446e-02, 1.275623714497619e-21, 2.464521844221996e-15, 2.954219006871432e-20, 5.543874889491106e-03, 1.646624318666100e-03, 3.277505019449110e+01, 8.742174989357238e+00, 9.034656776740160e+04, 3.084819171338875e+02, 1.774040546517355e-19, 3.427469738714794e-13, 4.108503347749525e-18, 7.710000000000000e-01, 2.289999999996573e-01, 4.876690882203498e+03, 2.352148926865451e+03, 1.005320610768486e+03, 4.558104972363874e+03, 1.215795278780749e+03, 4.841296633830783e+00, 1.820242728720048e-01
107, 1.830102782198245e-01, 4.901142395430518e-02, 1.321640349902388e-21, 2.558077592838531e-15, 3.072979895536511e-20, 5.552470115723730e-03, 1.649177245783090e-03, 3.282260331164240e+01, 8.762292781161502e+00, 9.048523321497353e+04, 3.109138852290498e+02, 1.835191704839861e-19, 3.552072830600788e-13, 4.267051330450665e-18, 7.710000000000000e-01, 2.289999999996448e-01, 4.885659619568280e+03, 2.352826947266305e+03, 1.007335575543783e+03, 4.557652112635958e+03, 1.216706725740738e+03, 4.840391175644659e+00, 1.823949572972516e-01
108, 1.845266076094257e-01, 4.941750749939901e-02, 1.353194047438948e-21, 2.621757388637509e-15, 3.153646707857707e-20, 5.555236713849890e-03, 1.649998972074712e-03, 3.283766221011171e+01, 8.770476821602724e+00, 9.053033779930339e+04, 3.123928626211563e+02, 1.878070484331157e-19, 3.638683733494169e-13, 4.376882097024523e-18, 7.710000000000000e-01, 2.289999999996361e-01, 4.888074954825039e+03, 2.352817794644395e+03, 1.008697332045335e+03, 4.557472321724048e+03, 1.217236632346756e+03, 4.840362626941343e+00, 1.824947848565852e-01
109, 1.856071385576787e-01, 4.970688119423033e-02, 1.377295347585682e-21, 2.670588849555031e-15, 3.215441965688504e-20, 5.556182763185417e-03, 1.650279964678860e-03, 3.284263488326093e+01, 8.774523624986562e+00, 9.054612440442778e+04, 3.134541900059690e+02, 1.911194714516133e-19, 3.705824827523257e-13, 4.461886624702280e-18, 7.710000000000001e-01, 2.289999999996294e-01, 4.888537976968202e+03, 2.352640013517775e+03, 1.009732294727671e+03, 4.557386352150340e+03, 1.217590925858261e+03, 4.840554105633136e+00, 1.825139218978469e-01
110, 1.864563448972940e-01, 4.993430455176207e-02, 1.398186084387658e-21, 2.712890706086889e-15, 3.268917973783654e-20, 5.556714219845069e-03, 1.650437816267742e-03, 3.284535069811505e+01, 8.777373588581250e+00, 9.055517683546183e+04, 3.143459520513495e+02, 1.939998042751496e-19, 3.764164669334587e-13, 4.535658409039918e-18, 7.710000000000000e-01, 2.289999999996236e-01, 4.888614004994289e+03, 2.352451587201561e+03, 1.010615778413840e+03, 4.557327295653648e+03, 1.217869908196364e+03, 4.840763315452601e+00, 1.825170641913500e-01
111, 1.872983059985922e-01, 5.015978758413685e-02, 1.420974048485869e-21, 2.758265487897469e-15, 3.326097159544458e-20, 5.557087473593029e-03, 1.650548678924354e-03, 3.284716502286355e+01, 8.779865402784120e+00, 9.056167107642567e+04, 3.152766468427297e+02, 1.971484157103334e-19, 3.826865604103843e-13, 4.614685160517560e-18, 7.710000000000000e-01, 2.289999999996173e-01, 4.888530882407455e+03, 2.352253582963153e+03, 1.011547045008061e+03, 4.557272915528426e+03, 1.218133825985965e+03, 4.840983067279162e+00, 1.825136286745016e-01
112, 1.881402670998902e-01, 5.038527061651158e-02, 1.444437910525169e-21, 2.804758637188359e-15, 3.384585766360248e-20, 5.557594000408030e-03, 1.650699125929023e-03, 3.284970004176245e+01, 8.782637221616776e+00, 9.057027567068319e+04, 3.162199888959038e+02, 2.003855677354520e-19, 3.891016344687034e-13, 4.695405288101586e-18, 7.710000000000000e-01, 2.289999999996109e-01, 4.888626544717638e+03, 2.352085221718657e+03, 1.012482176788734e+03, 4.557209240246655e+03, 1.218407335506945e+03, 4.841165682201042e+00, 1.825175824672180e-01
113, 1.889822282011882e-01, 5.061075364888633e-02, 1.469010175637653e-21, 2.853490148577457e-15, 3.445839966963100e-20, 5.557980566269235e-03, 1.650813942507723e-03, 3.285157247358773e+01, 8.785097108190637e+00, 9.057695180685534e+04, 3.171860277450418e+02, 2.037802816890536e-19, 3.958345802619431e-13, 4.780050205018752e-18, 7.709999999999999e-01, 2.289999999996041e-01, 4.888590179774164e+03, 2.351904135473967e+03, 1.013446107042064e+03, 4.557152022238502e+03, 1.218663827563818e+03, 4.841363320789332e+00, 1.825160794777087e-01
114, 1.898241893024864e-01, 5.083623668126110e-02, 1.492941647815769e-21, 2.901300060537563e-15, 3.505953666674861e-20, 5.558015232759944e-03, 1.650824239039935e-03, 3.285148892549653e+01, 8.786865683957235e+00, 9.057799928266139e+04, 3.181026302855724e+02, 2.070987505902134e-19, 4.024642346227760e-13, 4.863409263569154e-18, 7.710000000000000e-01, 2.289999999995975e-01, 4.888138146014870e+03, 2.351671993761804e+03, 1.014378802454218e+03, 4.557112008665807e+03, 1.218901560830543e+03, 4.841625635645291e+00, 1.824973965943283e-01
115, 1.906661504037847e-01, 5.106171971363592e-02, 1.517228829918228e-21, 2.949776498866798e-15, 3.566852748259587e-20, 5.557991595312550e-03, 1.650817218319454e-03, 3.285112232746651e+01, 8.788298133952068e+00, 9.057809126034843e+04, 3.190136780956938e+02, 2.104687291815114e-19, 4.091905577087165e-13, 4.947908649641445e-18, 7.710000000000000e-01, 2.289999999995908e-01, 4.887640164438529e+03, 2.351442416323155e+03, 1.015308073552087e+03, 4.557080535321025e+03, 1.219105452946626e+03, 4.841884851945036e+00, 1.824768146543180e-01
116, 1.915081115050830e-01, 5.128720274601074e-02, 1.541419091698491e-21, 2.998733629879214e-15, 3.628425655851483e-20, 5.557559139307788e-03, 1.650688771594256e-03, 3.284848278579870e+01, 8.789012926448251e+00, 9.057168249758406e+04, 3.199003066934622e+02, 2.138410208348337e-19, 4.160142196750144e-13, 5.033713741118971e-18, 7.710000000000001e-01, 2.289999999995840e-01, 4.886620933098242e+03, 2.351135001414845e+03, 1.016235296997400e+03, 4.557068956535703e+03, 1.219299479579738e+03, 4.842241376212794e+00, 1.824346890832146e-01
117, 1.923500726063814e-01, 5.151268577838557e-02, 1.564629662514114e-21, 3.045543136365416e-15, 3.687233263300750e-20, 5.557565920836231e-03, 1.650690785822502e-03, 3.284831112540264e+01, 8.790408516490245e+00, 9.057224357406664e+04, 3.207538776066111e+02, 2.170607577097113e-19, 4.225075854402860e-13, 5.115291274092745e-18, 7.710000000000000e-01, 2.289999999995775e-01, 4.886176338183160e+03, 2.350918221599617e+03, 1.017102202704184e+03, 4.557039581435086e+03, 1.219491601674821e+03, 4.842486473624634e+00, 1.824163136526650e-01
118, 1.938060252885054e-01, 5.235167164821233e-02, 8.398231030579343e-10, 6.957353578840571e-08, 5.151301556305682e-09, 1.885704713342636e-02, 5.600789594846666e-03, 8.730335413211728e+01, 3.595644670929521e+01, 2.824057178120349e+05, 3.797391781060527e+03, 3.433748117988718e-08, 2.844622834325370e-06, 2.106190215505036e-07, 7.709998673465948e-01, 2.289970430740681e-01, 4.148863790341968e+04, 5.883114428083551e+03, 1.631690740666218e+03, 3.569534189446803e+03, 1.470135565073719e+03, 2.505047944638136e+00, 1.695222618050320e+00
119, 1.944200168693315e-01, 5.296517448566464e-02, 3.143721760171316e-07, 7.933138642309774e-06, 2.144505841737852e-06, 2.352625471046033e-02, 6.979008431664327e-03, 9.373507518273441e+01, 5.283044042420191e+01, 3.434226305854815e+05, 1.106675762541963e+04, 1.030199661063582e-05, 2.599694681641471e-04, 7.027559561081554e-05, 7.709568937007629e-01, 2.287025592388515e-01, 6.069397382908533e+04, 6.896284497509731e+03, 2.494736594476464e+03, 3.071704497085010e+03, 1.731256961363102e+03, 2.112972254611592e+00, 2.488993092056254e+00
120, 1.950340084501591e-01, 5.357867732311846e-02, 2.134909306050327e-06, 4.220843377852244e-05, 1.532702163842787e-05, 2.475262093449280e-02, 7.304324034334586e-03, 8.894546939100357e+01, 6.372013074356363e+01, 3.593297099688874e+05, 1.704258907905356e+04, 6.647367052468042e-05, 1.314224221330998e-03, 4.772302896568497e-04, 7.707107575758506e-01, 2.274313142426368e-01, 6.598829373606977e+04, 7.116919282934451e+03, 3.117941830160839e+03, 2.769453395610070e+03, 1.984023848148122e+03, 2.008402723600633e+00, 2.707811176695428e+00
121, 1.956480000309866e-01, 5.419218016057227e-02, 4.671609662776251e-06, 9.031200168112461e-05, 3.732588862061450e-05, 2.474609950746123e-02, 7.246357086575999e-03, 8.305446185126787e+01, 7.021177766670171e+01, 3.599487867044077e+05, 2.051715665428085e+04, 1.454208148662138e-04, 2.811289004155191e-03, 1.161903825584084e-03, 7.703122081901090e-01, 2.255691781652854e-01, 6.547715692908325e+04, 7.049929557096988e+03, 3.504019013151595e+03, 2.585371722497167e+03, 2.185596541349182e+03, 2.003498178378523e+00, 2.686685521453889e+00
122, 1.962619916118142e-01, 5.480568299802609e-02, 6.459596430379195e-06, 1.343928726399242e-04, 5.940693527073304e-05, 2.418228107193535e-02, 7.026631422251478e-03, 7.850711478662350e+01, 7.283972478287269e+01, 3.534926544044309e+05, 2.226038978860260e+04, 2.056595586552842e-04, 4.278777965687887e-03, 1.891388141739497e-03, 7.699114497529546e-01, 2.237127245809627e-01, 6.245672728375865e+04, 6.868445281139913e+03, 3.751533596130318e+03, 2.499496485938972e+03, 2.319059063963628e+03, 2.042580687773428e+00, 2.561848971832964e+00
123, 1.968759831926407e-01, 5.541918583547877e-02, 7.513050413607779e-06, 1.738569810429404e-04, 7.947266052045941e-05, 2.362942472344772e-02, 6.815355439548172e-03, 7.601667249250195e+01, 7.340379063800306e+01, 3.471757417329410e+05, 2.339283902724033e+04, 2.446799548438734e-04, 5.662056811682082e-03, 2.588211966773001e-03, 7.695471554201299e-01, 2.219578958465712e-01, 5.945659108177239e+04, 6.679771512973910e+03, 3.938496792921392e+03, 2.475659681340440e+03, 2.390565108700116e+03, 2.088927068861639e+00, 2.437851164955215e+00
124, 1.974899747734663e-01, 5.603268867293071e-02, 8.312608196409718e-06, 2.138904889703857e-04, 9.930116186088182e-05, 2.327937383476689e-02, 6.663764885783496e-03, 7.501364328492471e+01, 7.339012647944080e+01, 3.435346073917823e+05, 2.441954436932988e+04, 2.746640098156417e-04, 7.067338911439149e-03, 3.281094772136851e-03, 7.691937370771337e-01, 2.201831652294746e-01, 5.725786096868807e+04, 6.518070527519489e+03, 4.096959566158497e+03, 2.478590060868794e+03, 2.424946051039257e+03, 2.129007567615650e+00, 2.346976053432604e+00
125, 1.981039663542920e-01, 5.664619151038264e-02, 9.178108177387925e-06, 2.626937382665346e-04, 1.224277806070194e-04, 2.311967888900025e-02, 6.558661799684706e-03, 7.479075978409990e+01, 7.360660089951443e+01, 3.426020446964495e+05, 2.561203592385220e+04, 3.051979500644431e-04, 8.735306760845895e-03, 4.071068563373115e-03, 7.687944472538575e-01, 2.180939794718590e-01, 5.564774633506618e+04, 6.365521404188516e+03, 4.255069539796286e+03, 2.487003435643283e+03, 2.447626817157083e+03, 2.165939120605635e+00, 2.280428846922878e+00
126, 1.987179579351177e-01, 5.725969434783457e-02, 1.008589616453506e-05, 3.199912770782525e-04, 1.489106648467825e-04, 2.308518454174497e-02, 6.480939428679045e-03, 7.502557301708838e+01, 7.394313998402508e+01, 3.433878280514249e+05, 2.685846331108946e+04, 3.356917500861860e-04, 1.065036066823954e-02, 4.956236002576204e-03, 7.683507616438142e-01, 2.157069499352838e-01, 5.449740495879333e+04, 6.228790096392694e+03, 4.405159876285124e+03, 2.497097481122673e+03, 2.461070554680796e+03, 2.197661501498148e+00, 2.232884402865928e+00
127, 1.993319495159453e-01, 5.787319718528838e-02, 1.115785118132912e-05, 3.870742795154794e-04, 1.796627596075606e-04, 2.325132694588529e-02, 6.451388397544262e-03, 7.589053900325389e+01, 7.461510299114467e+01, 3.469376855100085e+05, 2.822132461504151e+04, 3.684817147079415e-04, 1.278290881615925e-02, 5.933260862999663e-03, 7.678619012764246e-01, 2.130534473297085e-01, 5.406623603728414e+04, 6.119601173030503e+03, 4.541736202203094e+03, 2.506242061089922e+03, 2.464121509282537e+03, 2.220013892806251e+00, 2.215063878375877e+00
128, 1.999459410967732e-01, 5.848670002274249e-02, 1.221719789548279e-05, 4.617540741834317e-04, 2.136943674901402e-04, 2.346332282556312e-02, 6.426562123577360e-03, 7.686782741917008e+01, 7.543568539608835e+01, 3.511545983467042e+05, 2.952279786769510e+04, 3.995479579058851e-04, 1.510108119497086e-02, 6.988603186844038e-03, 7.673382064234643e-01, 2.101725612368149e-01, 5.378168274987557e+04, 6.015669128191794e+03, 4.663765338569796e+03, 2.513864777892079e+03, 2.467028389904528e+03, 2.240984517000207e+00, 2.203303084464202e+00
129, 2.005599326776022e-01, 5.910020286019781e-02, 1.306816726420684e-05, 5.375530914643739e-04, 2.479135177940108e-04, 2.364286374457449e-02, 6.390841068332033e-03, 7.771080291128605e+01, 7.622437513927356e+01, 3.548791116649769e+05, 3.062358409777992e+04, 4.238474868587648e-04, 1.743477277754013e-02, 8.040723641723660e-03, 7.668227822373462e-01, 2.072778738565312e-01, 5.342999736588720e+04, 5.914552220543270e+03, 4.766507490171326e+03, 2.520439771683966e+03, 2.472229593253655e+03, 2.262489960833880e+00, 2.188767672273034e+00
130, 2.011739242584307e-01, 5.971370569765253e-02, 1.390042416510011e-05, 6.237406422164845e-04, 2.860557646290212e-04, 2.385492130796647e-02, 6.352836020680692e-03, 7.860466962729934e+01, 7.713979846740801e+01, 3.591116276772164e+05, 3.172740740845557e+04, 4.465073842619667e-04, 2.003570533575555e-02, 9.188641274576616e-03, 7.662642800309433e-01, 2.040648659744627e-01, 5.315995817031731e+04, 5.814554957077781e+03, 4.864429527356398e+03, 2.524927657544521e+03, 2.477873281209297e+03, 2.283217302277846e+00, 2.177606756312108e+00
131, 2.017879158392583e-01, 6.032720853510635e-02, 1.461109843838672e-05, 7.129108619250531e-04, 3.252965333065640e-04, 2.407085240095885e-02, 6.312529264011975e-03, 7.949663896077487e+01, 7.805242861495840e+01, 3.633541966302286e+05, 3.268679783297120e+04, 4.647857681479544e-04, 2.267802273580754e-02, 1.034783248818163e-02, 7.657048968859720e-01, 2.008044621218910e-01, 5.295311834313074e+04, 5.722299927227327e+03, 4.944990613443450e+03, 2.528824684904665e+03, 2.482883688902338e+03, 2.302306082222762e+00, 2.169057916119744e+00
132, 2.024019074200850e-01, 6.094071137255926e-02, 1.523517340462166e-05, 8.071436275933546e-04, 3.666090273657719e-04, 2.428427261701090e-02, 6.265571049445415e-03, 8.035218487240954e+01, 7.897286849687458e+01, 3.675457278847756e+05, 3.352122117618974e+04, 4.800168338619558e-04, 2.543079217409388e-02, 1.155080417581234e-02, 7.651281245490784e-01, 1.974102622671533e-01, 5.276931188852097e+04, 5.634287140867440e+03, 5.011873974566025e+03, 2.531668025822671e+03, 2.488209703301879e+03, 2.320500891664321e+00, 2.161461061934758e+00
133, 2.030158990009110e-01, 6.155421421001157e-02, 1.572261042494105e-05, 8.995846359300592e-04, 4.074267058191680e-04, 2.448371715381469e-02, 6.216408229956027e-03, 8.115871350141100e+01, 7.983204296750495e+01, 3.714602950996304e+05, 3.417852544541229e+04, 4.909808415294383e-04, 2.809195226736974e-02, 1.272299583072650e-02, 7.645699872382198e-01, 1.941240838221545e-01, 5.261610474007525e+04, 5.555022387769726e+03, 5.060952235522815e+03, 2.534399337985172e+03, 2.492970478682252e+03, 2.337093579433560e+00, 2.155128899284048e+00
134, 2.036298905817386e-01, 6.216771704746538e-02, 1.614252015821249e-05, 9.940629362581131e-04, 4.494594913771947e-04, 2.468263773520199e-02, 6.164553006811754e-03, 8.194497117434098e+01, 8.068994977176479e+01, 3.753359171407979e+05, 3.472188247592105e+04, 4.996623723832528e-04, 3.076941147732113e-02, 1.391220166062146e-02, 7.640061902709183e-01, 1.908125342187558e-01, 5.250142578178772e+04, 5.481249452257025e+03, 5.097684351399465e+03, 2.536457647291080e+03, 2.497610740782250e+03, 2.352477458215910e+00, 2.150389134698272e+00
135, 2.042438821625666e-01, 6.278121988491957e-02, 1.647255530140957e-05, 1.084390069659545e-03, 4.903675000927884e-04, 2.487579062594273e-02, 6.115552945671346e-03, 8.271156015011066e+01, 8.150259423437267e+01, 3.790488442485388e+05, 3.513373193134462e+04, 5.055633558835224e-04, 3.328128955541790e-02, 1.504999281695594e-02, 7.634691739678854e-01, 1.876939803038572e-01, 5.243981220897414e+04, 5.416532222841563e+03, 5.120608236735052e+03, 2.538521386312999e+03, 2.501416707996515e+03, 2.366029370426814e+00, 2.147842601011658e+00
136, 2.048578737433964e-01, 6.339472272237563e-02, 1.677236493172112e-05, 1.175131104088145e-03, 5.321245867609065e-04, 2.507302288501743e-02, 6.067006635928737e-03, 8.347396822382464e+01, 8.232537636323836e+01, 3.827903532027574e+05, 3.546805054597837e+04, 5.103558771634657e-04, 3.575733463053351e-02, 1.619168861053045e-02, 7.629314434616005e-01, 1.846091774201722e-01, 5.242597382958110e+04, 5.357096958434847e+03, 5.134590813560627e+03, 2.539977543215409e+03, 2.505027754744990e+03, 2.378327170425014e+00, 2.147270650746752e+00
137, 2.054718653242259e-01, 6.400822555983141e-02, 1.701819546481211e-05, 1.260564125388739e-03, 5.724242382027338e-04, 2.526615898255453e-02, 6.023110721614729e-03, 8.422001539515296e+01, 8.311292585071243e+01, 3.864018597175574e+05, 3.571546214146393e+04, 5.135355198959822e-04, 3.803837221356519e-02, 1.727328725153691e-02, 7.624233788893040e-01, 1.817514261256978e-01, 5.245916838642865e+04, 5.305393949630529e+03, 5.139461340707718e+03, 2.541395736170961e+03, 2.507988562892737e+03, 2.389026114744451e+00, 2.148642605875540e+00
138, 2.060858569050542e-01, 6.462172839728597e-02, 1.726970081632587e-05, 1.346513253593265e-03, 6.136199928192418e-04, 2.546542127573953e-02, 5.980166403829608e-03, 8.494279089552228e+01, 8.393993903539318e+01, 3.900811707638102e+05, 3.592431103129971e+04, 5.167012434392787e-04, 4.028703680734225e-02, 1.835921864895154e-02, 7.619133057268012e-01, 1.789237375734658e-01, 5.253706604613171e+04, 5.257857134158874e+03, 5.139404543483686e+03, 2.541447946534641e+03, 2.511443095343227e+03, 2.398562193224353e+00, 2.151862172693104e+00
139, 2.066998484858817e-01, 6.523523123473965e-02, 1.745891072080694e-05, 1.428297102360810e-03, 6.537904382546823e-04, 2.564292270281252e-02, 5.935310063400085e-03, 8.557899445813669e+01, 8.471821079791457e+01, 3.934042693919864e+05, 3.604895513224373e+04, 5.184103918499889e-04, 4.241066767302012e-02, 1.941311017069687e-02, 7.614196451959172e-01, 1.762381665685158e-01, 5.258811421579017e+04, 5.213517535600469e+03, 5.133533098216407e+03, 2.541111571084324e+03, 2.515552176129517e+03, 2.407788524728509e+00, 2.153972030598416e+00
140, 2.073138400667077e-01, 6.584873407219195e-02, 1.753331812733651e-05, 1.500189403161484e-03, 6.908594888992549e-04, 2.578708184295527e-02, 5.891631634179564e-03, 8.616615846953025e+01, 8.535545745857642e+01, 3.961786441923187e+05, 3.606623681660178e+04, 5.174009247924628e-04, 4.426996526968952e-02, 2.038697614804661e-02, 7.609660588112999e-01, 1.738595988461717e-01, 5.258835080405258e+04, 5.172968148912539e+03, 5.120691709110842e+03, 2.542727494828236e+03, 2.518804045213544e+03, 2.417131011940611e+00, 2.153981808963028e+00
141, 2.079278316475338e-01, 6.646223690964426e-02, 1.761119177935740e-05, 1.567928385456336e-03, 7.268114664050097e-04, 2.594369720733681e-02, 5.856248012777633e-03, 8.678442947453912e+01, 8.601082771262072e+01, 3.990907691179286e+05, 3.608965358585578e+04, 5.162710725536695e-04, 4.596373030221027e-02, 2.130643627111255e-02, 7.605379891972385e-01, 1.716755731568851e-01, 5.265589216664746e+04, 5.137916146132873e+03, 5.106298184280140e+03, 2.544080550999112e+03, 2.521402459910287e+03, 2.425063624740703e+00, 2.156773342503991e+00
142, 2.085418232283599e-01, 6.707573974709657e-02, 1.770044100956585e-05, 1.635364279343643e-03, 7.630613768762247e-04, 2.610197544258283e-02, 5.821547207102235e-03, 8.738554585476633e+01, 8.667562733795553e+01, 4.020137997490648e+05, 3.611083279244115e+04, 5.154520111728363e-04, 4.762320929361818e-02, 2.222100122514467e-02, 7.601118938331645e-01, 1.695284436368999e-01, 5.274367395364570e+04, 5.105085309945666e+03, 5.091509554029763e+03, 2.544741983204418e+03, 2.524068547606898e+03, 2.432294204227462e+00, 2.160401427477062e+00
143, 2.091558148091877e-01, 6.768924258455068e-02, 1.773156889705370e-05, 1.697986695519257e-03, 7.980116918424096e-04, 2.624065031839849e-02, 5.786332854810522e-03, 8.795901313327759e+01, 8.725804694785968e+01, 4.046259992054070e+05, 3.608196285166644e+04, 5.133527159844989e-04, 4.915899359560857e-02, 2.310350943975159e-02, 7.597020426313026e-01, 1.675221016173527e-01, 5.279415550884754e+04, 5.073507119011722e+03, 5.074139021944629e+03, 2.546531474425092e+03, 2.526237562634953e+03, 2.439766525306585e+00, 2.162487866795604e+00
144, 2.097698063900161e-01, 6.830274542200525e-02, 1.775537028354970e-05, 1.757398314679146e-03, 8.320478447907317e-04, 2.637954521298022e-02, 5.754753163487377e-03, 8.853758747010795e+01, 8.782412177096015e+01, 4.072142659527121e+05, 3.604946480972326e+04, 5.110709189723358e-04, 5.058498681470157e-02, 2.394968113169288e-02, 7.593093356414510e-01, 1.656449254931822e-01, 5.286489345964486e+04, 5.044750427360841e+03, 5.056176968419629e+03, 2.548467616801250e+03, 2.527931206425369e+03, 2.446611330370348e+00, 2.165411517647218e+00
145, 2.103837979708436e-01, 6.891624825945906e-02, 1.779423418841154e-05, 1.815249164814784e-03, 8.656320279511350e-04, 2.652220585102059e-02, 5.726035533016829e-03, 8.912098865116884e+01, 8.838699024532180e+01, 4.098352073059101e+05, 3.602661599977635e+04, 5.091789437291581e-04, 5.194304191790215e-02, 2.476991125233887e-02, 7.589283482278082e-01, 1.638495196582216e-01, 5.296427325352210e+04, 5.018663479248683e+03, 5.038627139341715e+03, 2.550181726564727e+03, 2.529178488716398e+03, 2.452628880093579e+00, 2.169518956663014e+00
146, 2.109977895516708e-01, 6.952975109691242e-02, 1.786365317231270e-05, 1.876594934505422e-03, 9.012901074205028e-04, 2.667032182404799e-02, 5.694634110584975e-03, 8.969935257713968e+01, 8.897947172014717e+01, 4.125520471952474e+05, 3.600303709798982e+04, 5.080573145626765e-04, 5.337193762944700e-02, 2.563344838824390e-02, 7.585263749662198e-01, 1.619601817015267e-01, 5.307860991683060e+04, 4.992783712668360e+03, 5.020675735123888e+03, 2.551124999391840e+03, 2.530650982600272e+03, 2.458285224448987e+00, 2.174244573948851e+00
147, 2.116117811324961e-01, 7.014325393436399e-02, 1.791856882439290e-05, 1.934792981240775e-03, 9.358240147639101e-04, 2.680955114594404e-02, 5.664180170270482e-03, 9.024414336816720e+01, 8.954162887163731e+01, 4.151136411659500e+05, 3.596507519848888e+04, 5.067143711309520e-04, 5.471348846920066e-02, 2.646391471202800e-02, 7.581400603114516e-01, 1.601758221361889e-01, 5.318629019748123e+04, 4.968674531179235e+03, 5.002372171369188e+03, 2.551989771236746e+03, 2.532123553414990e+03, 2.463626274621751e+00, 2.178695078107902e+00
148, 2.122257727133214e-01, 7.075675677181555e-02, 1.796856732959644e-05, 1.992944008583161e-03, 9.708713578498566e-04, 2.694194942509175e-02, 5.631540273353596e-03, 9.075830261623707e+01, 9.009217803867239e+01, 4.175755341951654e+05, 3.590895242478191e+04, 5.053699632709199e-04, 5.605199468294460e-02, 2.730597345116160e-02, 7.577483358386032e-01, 1.583883260640197e-01, 5.328037155268513e+04, 4.944769395360233e+03, 4.983335119510702e+03, 2.552597500867582e+03, 2.533862598572771e+03, 2.468966051653233e+00, 2.182583528807456e+00
149, 2.128397642941467e-01, 7.137025960926710e-02, 1.799355966005340e-05, 2.046410089275787e-03, 1.003973692161309e-03, 2.706359836744543e-02, 5.601152582086558e-03, 9.124001780336926e+01, 9.060126247357545e+01, 4.198473881071630e+05, 3.584222806699995e+04, 5.035539993505730e-04, 5.726926768436474e-02, 2.809643991972003e-02, 7.573811659401437e-01, 1.567495724564210e-01, 5.336383396165423e+04, 4.922736029501254e+03, 4.964435912509946e+03, 2.553373358785846e+03, 2.535497640639967e+03, 2.474068012211624e+00, 2.186033090751360e+00
150, 2.134537558749734e-01, 7.198376244672000e-02, 1.803689864410233e-05, 2.102019708999893e-03, 1.038494737313372e-03, 2.718589439425011e-02, 5.568259231051691e-03, 9.169449529056313e+01, 9.113431932585124e+01, 4.221381024582624e+05, 3.577118059606139e+04, 5.022428318624132e-04, 5.853136684470480e-02, 2.891719624498887e-02, 7.569993520890143e-01, 1.550498419894297e-01, 5.345124053329152e+04, 4.900851838501698e+03, 4.945310899708596e+03, 2.553260618115489e+03, 2.537662351007072e+03, 2.478932327414340e+00, 2.189645667801213e+00
151, 2.140677474558010e-01, 7.259726528417382e-02, 1.809601295927387e-05, 2.157732165363225e-03, 1.072946646521817e-03, 2.731486580796762e-02, 5.537277709587347e-03, 9.215511423218189e+01, 9.169570115778728e+01, 4.245237480116350e+05, 3.571543404489317e+04, 5.012618456860895e-04, 5.976945364376072e-02, 2.972075769224071e-02, 7.566252345411184e-01, 1.533832922771941e-01, 5.355809099414199e+04, 4.879882423287112e+03, 4.926920554262511e+03, 2.552708309471144e+03, 2.539982509256388e+03, 2.483491548091858e+00, 2.194061874905598e+00
152, 2.146817390366291e-01, 7.321076812162823e-02, 1.812851712589781e-05, 2.221317171728294e-03, 1.112126143229879e-03, 2.739776904551549e-02, 5.482867397627956e-03, 9.253035097034869e+01, 9.205857748932473e+01, 4.262795783452225e+05, 3.555370823651201e+04, 5.003425954109603e-04, 6.130780533316378e-02, 3.069440688742827e-02, 7.561716591325663e-01, 1.513257860514307e-01, 5.354092370325475e+04, 4.854263308102702e+03, 4.905117555955125e+03, 2.553814834234463e+03, 2.540794002673762e+03, 2.488958940149320e+00, 2.193352338312346e+00
153, 2.152957306174574e-01, 7.382427095908280e-02, 1.806670170388918e-05, 2.258834579921489e-03, 1.138827483362364e-03, 2.748312767671064e-02, 5.460149330429110e-03, 9.290549182789077e+01, 9.243322835725968e+01, 4.279172028044055e+05, 3.545418722246878e+04, 4.968975724231427e-04, 6.212586213380711e-02, 3.132174434305847e-02, 7.558822661146299e-01, 1.501732298360814e-01, 5.358246928413333e+04, 4.837726512283119e+03, 4.886850409953109e+03, 2.555226411034357e+03, 2.542237511569093e+03, 2.493538290882280e+00, 2.195069447325928e+00
154, 2.159097221982835e-01, 7.443777379653511e-02, 1.805400234711711e-05, 2.302860291709723e-03, 1.168533595753094e-03, 2.758932533933770e-02, 5.435941531992467e-03, 9.330743418318301e+01, 9.290731014036668e+01, 4.298999416746026e+05, 3.538389182415922e+04, 4.944308743808302e-04, 6.306663784104062e-02, 3.200171775671867e-02, 7.555673245652454e-01, 1.488698889626145e-01, 5.366177324372896e+04, 4.820370051539826e+03, 4.869332988097861e+03, 2.555337890314926e+03, 2.544380005379120e+03, 2.497893640459052e+00, 2.198347137538816e+00
155, 2.165237137791095e-01, 7.505127663398728e-02, 1.802683383974756e-05, 2.356068065286762e-03, 1.203714339332360e-03, 2.765455179761512e-02, 5.388218171187350e-03, 9.362589131003784e+01, 9.321348648993177e+01, 4.313373351258762e+05, 3.521432247338541e+04, 4.922596591856498e-04, 6.433726927015911e-02, 3.286988806265743e-02, 7.551642381486859e-01, 1.471363448593119e-01, 5.362633496176562e+04, 4.798075059976104e+03, 4.848365401632068e+03, 2.556646927405047e+03, 2.545385368220743e+03, 2.503158986872835e+00, 2.196882447622385e+00
156, 2.171377053599348e-01, 7.566477947143883e-02, 1.791732761831485e-05, 2.384231551817693e-03, 1.225946732983941e-03, 2.771843265245921e-02, 5.370223861587092e-03, 9.392623464432833e+01, 9.351975138235933e+01, 4.326014724653580e+05, 3.511503931495277e+04, 4.879878142979766e-04, 6.493579670678676e-02, 3.338930221173488e-02, 7.549260500217051e-01, 1.462608632454752e-01, 5.363580860469562e+04, 4.783934929559512e+03, 4.832357929416830e+03, 2.558130259474236e+03, 2.547059474657297e+03, 2.507625332650158e+00, 2.197274000161128e+00
157, 2.177516969407601e-01, 7.627828230889039e-02, 1.786291067022148e-05, 2.421474608829950e-03, 1.252530855537567e-03, 2.779655430597338e-02, 5.345679087884615e-03, 9.423872375863974e+01, 9.389842468403769e+01, 4.341270882797709e+05, 3.502299628157260e+04, 4.849557831570546e-04, 6.574002059349102e-02, 3.400465317156875e-02, 7.546418392492459e-01, 1.451285312025372e-01, 5.366424557994457e+04, 4.767973240033046e+03, 4.816033815304718e+03, 2.558464011146835e+03, 2.549225314985948e+03, 2.511991826178651e+00, 2.198449320989153e+00
158, 2.183656885215854e-01, 7.689178514634194e-02, 1.777835610052469e-05, 2.466210802742176e-03, 1.283840930010674e-03, 2.783119999005719e-02, 5.298854463511918e-03, 9.445436509028686e+01, 9.411469447019304e+01, 4.350658430612874e+05, 3.482861595685249e+04, 4.818258911316296e-04, 6.683881293808885e-02, 3.479443187412568e-02, 7.542763043246807e-01, 1.436086249719732e-01, 5.357016143465217e+04, 4.746965471560763e+03, 4.796021094489395e+03, 2.559885648232494e+03, 2.550679954618723e+03, 2.517516081698338e+00, 2.194560754973216e+00
159, 2.189796801024116e-01, 7.750528798379440e-02, 1.756259014729802e-05, 2.480867295994997e-03, 1.299006760195910e-03, 2.784703584519051e-02, 5.282853586782871e-03, 9.461507125725475e+01, 9.427113351140574e+01, 4.355498106888809e+05, 3.469091080389499e+04, 4.755987506393809e-04, 6.718242449328268e-02, 3.517738482989840e-02, 7.541037709076321e-01, 1.430608210185474e-01, 5.347608592801594e+04, 4.733498017676454e+03, 4.781481903800735e+03, 2.562196652327468e+03, 2.552882743567336e+03, 2.522876881622345e+00, 2.190672545999210e+00
160, 2.195936716832384e-01, 7.811879082124745e-02, 1.735846680993103e-05, 2.501234750829526e-03, 1.316984603806760e-03, 2.785031632038540e-02, 5.256306542049298e-03, 9.471516324250094e+01, 9.440764606688832e+01, 4.358807673193517e+05, 3.451958685865054e+04, 4.698817744635634e-04, 6.770670681567967e-02, 3.564986869830425e-02, 7.538889347362946e-01, 1.422846079752579e-01, 5.334211261851275e+04, 4.717663538889912e+03, 4.765759274588782e+03, 2.563874417038405e+03, 2.555550138302439e+03, 2.528567422851349e+00, 2.185135331872881e+00
161, 2.202076632640656e-01, 7.873229365870087e-02, 1.713675456195128e-05, 2.519898137303886e-03, 1.333766074410531e-03, 2.783102843525911e-02, 5.225227197549889e-03, 9.473719192801956e+01, 9.447476051482499e+01, 4.358632633871284e+05, 3.431920720033061e+04, 4.640704172012381e-04, 6.823988612637760e-02, 3.611893817834282e-02, 7.536757867657518e-01, 1.415013185123266e-01, 5.315906453595222e+04, 4.701301076062738e+03, 4.749939548290202e+03, 2.565522428623950e+03, 2.558415677169487e+03, 2.534497407210124e+00, 2.177569821755154e+00
162, 2.208279426328603e-01, 7.935207927898044e-02, 1.684424282628173e-05, 2.534434911038068e-03, 1.348543087044182e-03, 2.777125200347904e-02, 5.187018532846464e-03, 9.464348882738207e+01, 9.442197320364976e+01, 4.352351385519709e+05, 3.405605316978261e+04, 4.570025619091673e-04, 6.876196569247070e-02, 3.658743536174314e-02, 7.534641624384966e-01, 1.407294339453805e-01, 5.287390648830742e+04, 4.682788924018219e+03, 4.732763769360602e+03, 2.567780416621016e+03, 2.561770457693648e+03, 2.541599573704044e+00, 2.165784032663950e+00
163, 2.214867247063483e-01, 8.001033695541925e-02, 1.641507083516270e-05, 2.532765544281286e-03, 1.354337592476084e-03, 2.764688782445370e-02, 5.149335896470755e-03, 9.432908685584405e+01, 9.420758304834195e+01, 4.335691872415550e+05, 3.372648784251944e+04, 4.472802797124743e-04, 6.901317042540939e-02, 3.690319117540485e-02, 7.533264914588158e-01, 1.403098666606573e-01, 5.244282901278640e+04, 4.663701099152769e+03, 4.715899228907737e+03, 2.570292920303808e+03, 2.566982166573202e+03, 2.550308926456645e+00, 2.147967287702967e+00
164, 2.222033280383830e-01, 8.072636986411090e-02, 1.594342622434463e-05, 2.531726132246918e-03, 1.360413538005987e-03, 2.748750980739439e-02, 5.100499945319736e-03, 9.390743322467523e+01, 9.388319560866124e+01, 4.313888414599962e+05, 3.332951606634122e+04, 4.368529609518978e-04, 6.936978549206570e-02, 3.727559395542607e-02, 7.531630829902225e-01, 1.397546846013339e-01, 5.192626483121338e+04, 4.642173680851412e+03, 4.696720430529789e+03, 2.573081825846898e+03, 2.572417710482161e+03, 2.559845733914585e+00, 2.126617315130305e+00
165, 2.229759888227050e-01, 8.149841560280313e-02, 1.526214436460633e-05, 2.509829303635173e-03, 1.355304910797653e-03, 2.720340556726691e-02, 5.039826326422542e-03, 9.303062609717280e+01, 9.326585705981998e+01, 4.272617764718794e+05, 3.277018240291403e+04, 4.224975480849056e-04, 6.947888196868450e-02, 3.751851561877229e-02, 7.530640437645996e-01, 1.395160610998587e-01, 5.112080822339353e+04, 4.616925769394502e+03, 4.675344531737269e+03, 2.575340036358840e+03, 2.581851867368810e+03, 2.572545592145787e+00, 2.093327208888219e+00
166, 2.238153296764035e-01, 8.233708833287685e-02, 1.445002430995419e-05, 2.478199105389559e-03, 1.344623614482016e-03, 2.681098384345146e-02, 4.958873843204528e-03, 9.187975829970094e+01, 9.225260714238273e+01, 4.214793311511060e+05, 3.205115041284300e+04, 4.058182767078518e-04, 6.959839434978217e-02, 3.776276263243909e-02, 7.529667097304713e-01, 1.392663150105997e-01, 5.006331041378416e+04, 4.586613551651437e+03, 4.650495192225166e+03, 2.580375255966389e+03, 2.590846440759165e+03, 2.587921198529227e+00, 2.049620056831998e+00
167, 2.247263668430166e-01, 8.324740030489064e-02, 1.353855210344266e-05, 2.447607403833495e-03, 1.334608660129802e-03, 2.632003087375229e-02, 4.847325001493469e-03, 9.030071666464265e+01, 9.105993308603416e+01, 4.142511282787900e+05, 3.114561337748499e+04, 3.872239029421213e-04, 7.000542484461347e-02, 3.817190865959768e-02, 7.527943167497122e-01, 1.386411258431344e-01, 4.876280401271572e+04, 4.548269332641337e+03, 4.618525511285391e+03, 2.582742650631162e+03, 2.604457435463597e+03, 2.606328823758131e+00, 1.995869183302924e+00
168, 2.257133683504263e-01, 8.423361614933411e-02, 1.250574205981911e-05, 2.398481516062599e-03, 1.313269135943462e-03, 2.567299701477748e-02, 4.712383860647032e-03, 8.834442070201735e+01, 8.925209108709484e+01, 4.045959823096516e+05, 3.005234897260015e+04, 3.666336865741154e-04, 7.031682855824263e-02, 3.850141018996192e-02, 7.526610972712064e-01, 1.381540302940148e-01, 4.711546610704160e+04, 4.503477810462521e+03, 4.584490933113101e+03, 2.590013491026996e+03, 2.616623870313831e+03, 2.628688560775157e+00, 1.927783511940757e+00
169, 2.267846657386780e-01, 8.530406077426431e-02, 1.136064839777749e-05, 2.349414843707257e-03, 1.292726707694779e-03, 2.496230983978261e-02, 4.558129544827101e-03, 8.597476537690930e+01, 8.746084340603058e+01, 3.939936646780445e+05, 2.879675518221182e+04, 3.424569965215276e-04, 7.082109425343029e-02, 3.896813721714367e-02, 7.524674080789343e-01, 1.374009034539702e-01, 4.532643375606820e+04, 4.452877837982582e+03, 4.539427490398172e+03, 2.591635520854541e+03, 2.636432067726731e+03, 2.653864456316582e+00, 1.853841506305420e+00
170, 2.279497513631443e-01, 8.646821897904511e-02, 9.995907963246868e-06, 2.258916845098803e-03, 1.248438012163361e-03, 2.393881824134068e-02, 4.361702429631291e-03, 8.258071556283059e+01, 8.463433392733997e+01, 3.784571155146019e+05, 2.717575592995523e+04, 3.141601720055696e-04, 7.099522196601002e-02, 3.923700599101310e-02, 7.523701982812981e-01, 1.370834135896731e-01, 4.290464446038426e+04, 4.394073757845345e+03, 4.489479934604599e+03, 2.595419235646392e+03, 2.659962156709713e+03, 2.685425706851058e+00, 1.753747196858401e+00
171, 2.292163017824567e-01, 8.773376121169130e-02, 8.682564531059085e-06, 2.153582599634020e-03, 1.194097596162542e-03, 2.285027986654468e-02, 4.164772833534951e-03, 7.911407735771863e+01, 8.143311875480993e+01, 3.618482096891450e+05, 2.553522314897343e+04, 2.858794823829610e-04, 7.090820651548066e-02, 3.931649473891628e-02, 7.523613740140869e-01, 1.371280452491332e-01, 4.035823887830658e+04, 4.330571468855836e+03, 4.440631253040094e+03, 2.604886079835601e+03, 2.681242132457332e+03, 2.721117411720067e+00, 1.648502405841963e+00
172, 2.305933958106166e-01, 8.910975905937840e-02, 7.496746650799604e-06, 2.052882300555414e-03, 1.142424312829119e-03, 2.174535637922725e-02, 3.957328172657621e-03, 7.553150463353141e+01, 7.807444894053087e+01, 3.449013907971220e+05, 2.386237303361513e+04, 2.593537487982708e-04, 7.102050333178549e-02, 3.952274794012384e-02, 7.522916217670825e-01, 1.369057732122099e-01, 3.789188574010948e+04, 4.271828381749011e+03, 4.385559850570769e+03, 2.613050672719603e+03, 2.701025119466470e+03, 2.754220085910864e+00, 1.546566240437198e+00
173, 2.320911820755517e-01, 9.060635307162615e-02, 6.439306946579646e-06, 1.953355892536200e-03, 1.090582324262934e-03, 2.067125032274716e-02, 3.757967611933686e-03, 7.203791146234975e+01, 7.478612831621474e+01, 3.283981909839696e+05, 2.226047654086149e+04, 2.343304855532379e-04, 7.108386640885601e-02, 3.968698614624290e-02, 7.522399794429421e-01, 1.367548375164058e-01, 3.551209537763324e+04, 4.211153346248763e+03, 4.329365676126207e+03, 2.621505530215493e+03, 2.721514893818488e+03, 2.789155787965968e+00, 1.448207777384590e+00
174, 2.337207809418026e-01, 9.223465476105469e-02, 5.475727208959652e-06, 1.845024682238314e-03, 1.032665789701014e-03, 1.951489500595226e-02, 3.545407080555299e-03, 6.870042887732636e+01, 7.078376389016626e+01, 3.106081297060514e+05, 2.062988513472650e+04, 2.110638079946768e-04, 7.111711749266882e-02, 3.980446169843743e-02, 7.522084091101287e-01, 1.366589478907705e-01, 3.295933610069472e+04, 4.139835255708540e+03, 4.275020789265622e+03, 2.648081903347937e+03, 2.728384775342572e+03, 2.830497351805169e+00, 1.342700383547723e+00
175, 2.354945224501510e-01, 9.400698435361138e-02, 4.899865272285139e-06, 1.779825950477442e-03, 9.992027432034244e-04, 1.883387776604485e-02, 3.421364311529095e-03, 6.619608966097128e+01, 6.879586866982930e+01, 2.999873244364473e+05, 1.960056786373695e+04, 1.956880019475256e-04, 7.108166545584521e-02, 3.990558464208033e-02, 7.521765812231026e-01, 1.366404806770243e-01, 3.160459329687721e+04, 4.113224366773882e+03, 4.229490683376168e+03, 2.643701367824242e+03, 2.747529847073689e+03, 2.847725971404691e+00, 1.286707880125522e+00
176, 2.374251109405689e-01, 9.593603607648776e-02, 4.328687043157667e-06, 1.695863644878187e-03, 9.543730686300704e-04, 1.796994598647947e-02, 3.266242609356818e-03, 6.322415868160613e+01, 6.607077667410353e+01, 2.865386762169129e+05, 1.843354070255406e+04, 1.811867069499844e-04, 7.098409891686983e-02, 3.994738168474601e-02, 7.521715718640163e-01, 1.367157608274179e-01, 2.984484337940757e+04, 4.071304203358834e+03, 4.187955731667013e+03, 2.646386074343475e+03, 2.765537524855577e+03, 2.873670141975802e+00, 1.213976138721558e+00
177, 2.395243380547313e-01, 9.803359218509550e-02, 3.829636588079528e-06, 1.620019750324318e-03, 9.143271672784950e-04, 1.712380903227946e-02, 3.106421802160709e-03, 6.047804147838158e+01, 6.316443320091258e+01, 2.733477395227621e+05, 1.728247431956100e+04, 1.681995812316578e-04, 7.115208906237513e-02, 4.015771290771288e-02, 7.520863774086317e-01, 1.364356210400486e-01, 2.817262548150471e+04, 4.032110743130322e+03, 4.142513955266680e+03, 2.656226254480147e+03, 2.774213941395499e+03, 2.897232537702422e+00, 1.144862159221428e+00
178, 2.418089104840787e-01, 1.003163460721834e-01, 3.408752462729092e-06, 1.545092562465298e-03, 8.738772593916715e-04, 1.628623359396112e-02, 2.948409823937873e-03, 5.791421495575386e+01, 6.016771313366543e+01, 2.603349539300041e+05, 1.621771424922517e+04, 1.573971003009484e-04, 7.134372228187444e-02, 4.035075827626038e-02, 7.520070672603426e-01, 1.361410550812216e-01, 2.646741500774822e+04, 3.981847720360433e+03, 4.105563679612067e+03, 2.674154137007493e+03, 2.778208063660993e+03, 2.926798607679792e+00, 1.074384572613598e+00
179, 2.442914626757913e-01, 1.027969221277867e-01, 3.226598527361084e-06, 1.519685811373797e-03, 8.624535419693940e-04, 1.591715917345209e-02, 2.868648475729332e-03, 5.666062538363541e+01, 5.880958789096911e+01, 2.545092823603767e+05, 1.565769580051445e+04, 1.524052746514136e-04, 7.178089604339578e-02, 4.073716262600291e-02, 7.518316874347100e-01, 1.354978486212400e-01, 2.585903162830298e+04, 3.978144662168545e+03, 4.072898041220686e+03, 2.676310083292690e+03, 2.777814258159355e+03, 2.928420878424101e+00, 1.049239645945889e+00
180, 2.469890960540022e-01, 1.054924081631355e-01, 3.123282203390112e-06, 1.488324708968075e-03, 8.485828325337267e-04, 1.540182299829204e-02, 2.752388170138990e-03, 5.493206172471770e+01, 5.681609983078103e+01, 2.463869225486775e+05, 1.502564037676013e+04, 1.523980347547636e-04, 7.262160315756765e-02, 4.140591454220818e-02, 7.515195245670380e-01, 1.343005596984314e-01, 2.501683531979148e+04, 3.972874824882279e+03, 4.052115501450189e+03, 2.680365623954060e+03, 2.772295742998534e+03, 2.928200455688588e+00, 1.014431061206695e+00
181, 2.499159038598824e-01, 1.084168862010416e-01, 3.101942513588257e-06, 1.473790542570282e-03, 8.445314105474562e-04, 1.501060805358081e-02, 2.652317087967560e-03, 5.361486658667244e+01, 5.524767348108211e+01, 2.402481880974555e+05, 1.456064976230775e+04, 1.552185916997985e-04, 7.374723789243182e-02, 4.225964073066656e-02, 7.511181888213853e-01, 1.327197139638165e-01, 2.440309441042394e+04, 3.970496934717533e+03, 4.039119936469627e+03, 2.682842782966068e+03, 2.764547065220743e+03, 2.924436613226796e+00, 9.890647039385327e-01
182, 2.530862646014175e-01, 1.115847233040559e-01, 3.160430888901387e-06, 1.473266473032553e-03, 8.492265325144414e-04, 1.469497356404063e-02, 2.557257261985657e-03, 5.262133356063525e+01, 5.382258591070536e+01, 2.353133718346520e+05, 1.420324693214748e+04, 1.614286225484061e-04, 7.525156719091103e-02, 4.337682872825604e-02, 7.505904809242417e-01, 1.306196945340429e-01, 2.395512718985581e+04, 3.973456601086326e+03, 4.032711242598203e+03, 2.687794700141792e+03, 2.749152318460812e+03, 2.915304450628372e+00, 9.705498935553261e-01
183, 2.565131612903392e-01, 1.150088921493043e-01, 3.403405979392485e-06, 1.501333509295318e-03, 8.711646500829107e-04, 1.459214149331409e-02, 2.490063654917646e-03, 5.222097684806734e+01, 5.310014326389493e+01, 2.336693392908687e+05, 1.412278611186300e+04, 1.749094107401301e-04, 7.715722456423785e-02, 4.477129573323274e-02, 7.499260697919330e-01, 1.279705004998564e-01, 2.401295435532683e+04, 4.001081095015921e+03, 4.040568171465362e+03, 2.683764541778193e+03, 2.728947067949333e+03, 2.889300460015988e+00, 9.729399322781068e-01
184, 2.602050217499423e-01, 1.186978138514507e-01, 3.756126932831925e-06, 1.540922967039762e-03, 9.003454892335210e-04, 1.447648499496713e-02, 2.404713471211367e-03, 5.173873283414669e+01, 5.231173719514228e+01, 2.318829376696346e+05, 1.406237262390021e+04, 1.943539057390485e-04, 7.973223547623433e-02, 4.658672762561279e-02, 7.490591906124199e-01, 1.244274923799939e-01, 2.405283019237410e+04, 4.026264955869388e+03, 4.056380699277215e+03, 2.677125928948344e+03, 2.706774989684701e+03, 2.861001423533356e+00, 9.745880295671572e-01
185, 2.641637952742093e-01, 1.226534361528205e-01, 4.076870189710784e-06, 1.583972636760723e-03, 9.309438738286349e-04, 1.443789699712605e-02, 2.338224916555652e-03, 5.155911707903513e+01, 5.183338054820114e+01, 2.313363840280495e+05, 1.405479764545984e+04, 2.112902736000323e-04, 8.209189800568069e-02, 4.824764504495548e-02, 7.482669461566198e-01, 1.211822205191440e-01, 2.418742609536989e+04, 4.047229295862686e+03, 4.067608504271229e+03, 2.672133143139948e+03, 2.686347283090940e+03, 2.836575710760398e+00, 9.801509759344451e-01
186, 2.683768577374415e-01, 1.268631449766438e-01, 4.726438311784887e-06, 1.656558822891332e-03, 9.787505851152664e-04, 1.446278335062069e-02, 2.254360766101851e-03, 5.146748297799877e+01, 5.142732670762799e+01, 2.317661725953753e+05, 1.419376407834081e+04, 2.441697768378027e-04, 8.557852053110192e-02, 5.056266393059402e-02, 7.471534272158854e-01, 1.164612185455810e-01, 2.457955542527480e+04, 4.087571691257334e+03, 4.098169150205873e+03, 2.658831662270369e+03, 2.656757172574688e+03, 2.794842878652552e+00, 9.963579657665933e-01
187, 2.727793361934920e-01, 1.312621190162810e-01, 5.503330999920985e-06, 1.740813459946068e-03, 1.031915099164186e-03, 1.450437562415958e-02, 2.161713953416362e-03, 5.136460451563762e+01, 5.111303478320509e+01, 2.325020016505253e+05, 1.434829627489890e+04, 2.830302414546474e-04, 8.952811559092295e-02, 5.307025502942295e-02, 7.459440355511469e-01, 1.111745635870526e-01, 2.499773498562242e+04, 4.124704834020527e+03, 4.129939942870466e+03, 2.641624939239910e+03, 2.628686985459902e+03, 2.752869101663358e+00, 1.013641630531505e+00
188, 2.772000755754640e-01, 1.356793394459619e-01, 6.186350501553972e-06, 1.814012605663860e-03, 1.076680621063409e-03, 1.453909106228675e-02, 2.081366111216965e-03, 5.127636512476703e+01, 5.088569191694906e+01, 2.331535958672184e+05, 1.445582456910437e+04, 3.169669397297140e-04, 9.294365459958444e-02, 5.516534529348623e-02, 7.449321210149771e-01, 1.066419121522226e-01, 2.531307685801376e+04, 4.149163552961668e+03, 4.152774534715988e+03, 2.627221417534977e+03, 2.607204690211599e+03, 2.721229199607118e+00, 1.026674939008421e+00
189, 2.816208149574442e-01, 1.400965598756510e-01, 6.872118511136120e-06, 1.885412767308640e-03, 1.119078617057612e-03, 1.462457296002051e-02, 2.018830692357673e-03, 5.136759440098945e+01, 5.088089353045505e+01, 2.345900786129570e+05, 1.460643797658791e+04, 3.496413087396233e-04, 9.592648706624296e-02, 5.693675270828007e-02, 7.440725623712099e-01, 1.027145565455274e-01, 2.569657497554630e+04, 4.172098624030128e+03, 4.173177222100212e+03, 2.613492899469636e+03, 2.588730414791498e+03, 2.692881135588144e+00, 1.042525194568251e+00
190, 2.860415543394000e-01, 1.445137803053158e-01, 7.427611269567777e-06, 1.946716328726028e-03, 1.155305042151386e-03, 1.471106382228015e-02, 1.969087907506708e-03, 5.148447401869190e+01, 5.098925263030927e+01, 2.360609627309896e+05, 1.472633291392236e+04, 3.753290113169722e-04, 9.837067240836689e-02, 5.837940133146274e-02, 7.433734533819498e-01, 9.950114386690365e-02, 2.601128185342837e+04, 4.185835224949719e+03, 4.186036433864274e+03, 2.601592359953221e+03, 2.576568035531961e+03, 2.672639454066695e+00, 1.055532258261187e+00
191, 2.904622937213857e-01, 1.489310007350103e-01, 8.080903823485224e-06, 2.014026871973755e-03, 1.193460535502647e-03, 1.479493117293324e-02, 1.911826830773478e-03, 5.162458242190021e+01, 5.101470610860144e+01, 2.374984972547629e+05, 1.484347684592124e+04, 4.056204930946360e-04, 1.010939606212894e-01, 5.990568152694426e-02, 7.426307018065894e-01, 9.596403555208226e-02, 2.633142284910737e+04, 4.199539872850537e+03, 4.199726475680091e+03, 2.591292884456656e+03, 2.560680178708564e+03, 2.651060418069428e+00, 1.068763917987027e+00
192, 2.948830331033522e-01, 1.533482211646858e-01, 8.988430258792478e-06, 2.095996504500528e-03, 1.235803085825869e-03, 1.487002328018538e-02, 1.835723740649350e-03, 5.159085236636874e+01, 5.099461459729980e+01, 2.387744805823879e+05, 1.496854775178993e+04, 4.483782479226803e-04, 1.045565480602910e-01, 6.164671766330029e-02, 7.417752369405042e-01, 9.157311908798196e-02, 2.670032666205398e+04, 4.219757368876438e+03, 4.218940677566487e+03, 2.573554594835084e+03, 2.543811910234628e+03, 2.622240209435286e+00, 1.084010980345041e+00
193, 2.993037724853487e-01, 1.577654415943912e-01, 9.869291250948328e-06, 2.170570259804139e-03, 1.272578778552452e-03, 1.493975744120672e-02, 1.767613660522278e-03, 5.160461245369720e+01, 5.093387519559154e+01, 2.399453591366385e+05, 1.508301353747084e+04, 4.895387206959345e-04, 1.076650958155743e-01, 6.312272800516466e-02, 7.410450820947404e-01, 8.767755536382482e-02, 2.703721352235495e+04, 4.237859327887722e+03, 4.236332544445009e+03, 2.559703156005755e+03, 2.526433101357748e+03, 2.596510110284070e+00, 1.097934758810697e+00
194, 3.037245118673154e-01, 1.621826620240668e-01, 1.050672767430786e-05, 2.237748539702512e-03, 1.306908803843689e-03, 1.504584895229372e-02, 1.718590460460717e-03, 5.171881955894783e+01, 5.121701898218112e+01, 2.417488854172411e+05, 1.518339006836600e+04, 5.170734597549599e-04, 1.101275692445137e-01, 6.431763320944639e-02, 7.404597714792824e-01, 8.457795260700258e-02, 2.734214737451109e+04, 4.243385773943214e+03, 4.242173365691743e+03, 2.545267165264120e+03, 2.520571773094560e+03, 2.581173121295445e+00, 1.110537896256627e+00
195, 3.081452512492900e-01, 1.665998824537504e-01, 1.133564075689176e-05, 2.300740235845881e-03, 1.331697612344107e-03, 1.503332456746070e-02, 1.642344366893632e-03, 5.142169960641346e+01, 5.096254090111514e+01, 2.416129470390530e+05, 1.518154987075436e+04, 5.578716443465336e-04, 1.132285122748998e-01, 6.553809817227021e-02, 7.398492662486307e-01, 8.082625165985276e-02, 2.747595283789749e+04, 4.253216163942581e+03, 4.253684950633425e+03, 2.530664894005452e+03, 2.508067880970696e+03, 2.560308178669811e+00, 1.116068173181119e+00
196, 3.125659906312512e-01, 1.710171028834206e-01, 1.207832340577299e-05, 2.361156159195978e-03, 1.354166544470894e-03, 1.503049063652911e-02, 1.572441990308095e-03, 5.120231462308013e+01, 5.075842401937748e+01, 2.416398498274676e+05, 1.516688805367158e+04, 5.941035504574778e-04, 1.161395675737909e-01, 6.660818103250689e-02, 7.393135249228191e-01, 7.734462292042558e-02, 2.759328182522409e+04, 4.258813657365794e+03, 4.260501296735350e+03, 2.518518165747521e+03, 2.496684259267719e+03, 2.542882808465534e+00, 1.120917465390604e+00
197, 3.169867300132315e-01, 1.754343233131097e-01, 1.290267097863659e-05, 2.422397762334136e-03, 1.374153912969069e-03, 1.503157847120151e-02, 1.503882143329591e-03, 5.097594798089875e+01, 5.055315408987060e+01, 2.416941632350213e+05, 1.516229291801811e+04, 6.341963583278120e-04, 1.190664973041175e-01, 6.754286835879507e-02, 7.388371246650263e-01, 7.391931331373325e-02, 2.773206760570832e+04, 4.266824871690282e+03, 4.268806955527336e+03, 2.505586682425820e+03, 2.484805377031204e+03, 2.524142889206328e+00, 1.126653582435712e+00
198, 3.214074693951982e-01, 1.798515437427853e-01, 1.369687985234115e-05, 2.482485189034586e-03, 1.393407030667990e-03, 1.506450120361076e-02, 1.446212727680630e-03, 5.088057341907844e+01, 5.046743436311483e+01, 2.422420231877746e+05, 1.518796223112455e+04, 6.714057056716639e-04, 1.216886428246159e-01, 6.830325160175743e-02, 7.384449721571518e-01, 7.089172771080324e-02, 2.791770784066169e+04, 4.274460998431457e+03, 4.275954375728663e+03, 2.494108707215986e+03, 2.473857093534614e+03, 2.507193779205839e+00, 1.134326228093349e+00
199, 3.258282087771701e-01, 1.842687641724662e-01, 1.441730074421050e-05, 2.541117249365277e-03, 1.412476913524709e-03, 1.513562761114996e-02, 1.401396194739325e-03, 5.090882419145751e+01, 5.058009393091164e+01, 2.433986479066249e+05, 1.524603372669665e+04, 7.031102631478452e-04, 1.239264998067145e-01, 6.888439327017715e-02, 7.381419935251690e-01, 6.834400313479157e-02, 2.814804455019068e+04, 4.279816253000550e+03, 4.280825564317131e+03, 2.482747457992574e+03, 2.466715773275871e+03, 2.493439453255924e+00, 1.143846211488143e+00
200, 3.302489481591422e-01, 1.886859846021472e-01, 1.486589037027419e-05, 2.587491956244327e-03, 1.425547849590403e-03, 1.517165326826072e-02, 1.360697699932765e-03, 5.091342058795306e+01, 5.060963300775518e+01, 2.440321891804336e+05, 1.523292237207355e+04, 7.230401163238157e-04, 1.258492050211002e-01, 6.933511934502443e-02, 7.379116669555731e-01, 6.618096856197846e-02, 2.824579619707477e+04, 4.276404568800763e+03, 4.277925174162615e+03, 2.476302772820593e+03, 2.461527296757402e+03, 2.486145786439620e+00, 1.147886358006922e+00
201, 3.409196875411215e-01, 1.931032050318336e-01, 1.294361178518294e-06, 3.105052861769812e-04, 1.684796070729464e-04, 1.788803116007316e-03, 1.547087186564728e-04, 7.730501200725183e+00, 5.654408009071671e+00, 2.999600673743399e+04, 1.627962757526528e+03, 5.340234083470707e-04, 1.281072810170585e-01, 6.951077913899169e-02, 7.380186865350939e-01, 6.382922990050877e-02, 2.102082575659616e+03, 2.695202045017723e+03, 4.011745229316043e+03, 3.189425538989184e+03, 2.332877628983023e+03, 3.540554874724767e+00, 6.734769761237143e-02
202, 3.471696875411233e-01, 1.931032050318336e-01, 3.806850845385215e-07, 9.587703555008362e-05, 5.189283454392696e-05, 5.509176517701465e-04, 4.739308613363426e-05, 2.740019537732816e+00, 1.280604881120765e+00, 9.327560278436767e+03, 4.939065133500305e+02, 5.099863691077340e-04, 1.284420725342406e-01, 6.951845330070386e-02, 7.380391413133646e-01, 6.349034648258327e-02, 5.577723981090171e+02, 2.321553521891499e+03, 3.972958065657802e+03, 3.670678658257782e+03, 1.715567696528268e+03, 3.911028831504975e+00, 3.520237036253420e-03
203, 3.534196875411142e-01, 1.931032050318336e-01, 1.920956956562626e-07, 5.088799686983055e-05, 2.745699366037984e-05, 2.915004319359094e-04, 2.491620080202445e-05, 1.551861751492856e+00, 4.502238689807779e-01, 4.953937867336542e+03, 2.574893302518865e+02, 4.863752040625022e-04, 1.288454682825627e-01, 6.951952176172929e-02, 7.380622537260546e-01, 6.308638102559085e-02, 2.764055409257870e+02, 2.173689744001591e+03, 3.935421115204720e+03, 3.929224303962288e+03, 1.139940826894817e+03, 4.080445586190712e+00, -8.108859401337348e-03
204, 3.596696875410871e-01, 1.931032050318336e-01, 1.661869818662446e-07, 5.032162507723972e-05, 2.696600541607636e-05, 2.863328809582842e-04, 2.413375128176258e-05, 1.564686113478972e+00, 2.769593423840191e-01, 4.866616656964994e+03, 2.437730408288299e+02, 4.284047979121541e-04, 1.297215063402319e-01, 6.951426622616054e-02, 7.381226773903775e-01, 6.221314524531788e-02, 2.705856775803646e+02, 2.165087259642199e+03, 3.843707658822941e+03, 4.033523147922730e+03, 7.139591186474802e+02, 4.091866563267134e+00, -8.349398577753008e-03
205, 3.659196875410600e-01, 1.931032050318336e-01, 1.761736908346975e-07, 5.873125761038961e-05, 3.134113777877959e-05, 3.328699024680474e-04, 2.782311759890707e-05, 1.832383556480195e+00, 2.453059574497944e-01, 5.657835780093326e+03, 2.760639211139227e+02, 3.906796247557550e-04, 1.302413860772765e-01, 6.950154639333068e-02, 7.381663401189809e-01, 6.170004778565620e-02, 3.139509256860130e+02, 2.160169254350493e+03, 3.779892777969307e+03, 4.063460990472174e+03, 5.439861023105834e+02, 4.099035046058154e+00, -6.557081396869727e-03
206, 3.721696875410329e-01, 1.931032050318336e-01, 1.615060833646137e-07, 5.711683602828108e-05, 3.041104041156167e-05, 3.230641185844070e-04, 2.688767770121342e-05, 1.789921105284571e+00, 1.669528301035733e-01, 5.494408445505796e+03, 2.635737289017054e+02, 3.690376755775158e-04, 1.305106530051440e-01, 6.948852595254970e-02, 7.381940599459202e-01, 6.143772342080866e-02, 3.012418923929251e+02, 2.135294968774556e+03, 3.740494257808711e+03, 4.089928443562784e+03, 3.814833662544866e+02, 4.130351457858678e+00, -7.082354967728234e-03
207, 3.784196875410311e-01, 1.931032050318336e-01, 1.552737492377470e-07, 5.763058712584017e-05, 3.064641398158124e-05, 3.255998288779061e-04, 2.703235546984767e-05, 1.799578420950876e+00, 1.691714960577949e-01, 5.531200601577542e+03, 2.619687011933545e+02, 3.520432127263849e-04, 1.306625050447129e-01, 6.948284619636072e-02, 7.382137056910443e-01, 6.128889985515570e-02, 3.097839899108351e+02, 2.178568571743415e+03, 3.707213300623534e+03, 4.080080322492851e+03, 3.835527722250497e+02, 4.079286117192106e+00, -6.729303877029268e-03
208, 3.846696875410293e-01, 1.931032050318336e-01, 1.608150092691356e-07, 6.330702975640410e-05, 3.359479898689175e-05, 3.570409928220732e-04, 2.953280295839124e-05, 1.963907112779785e+00, 1.647229239085732e-01, 6.050205285512592e+03, 2.826938398044257e+02, 3.325121850297489e-04, 1.308979733155128e-01, 6.946291933529426e-02, 7.382425384795462e-01, 6.106405668461697e-02, 3.545569487655270e+02, 2.273561522159142e+03, 3.669573266951187e+03, 4.060709558353413e+03, 3.405924583921340e+02, 3.970226016098713e+00, -4.878804989100800e-03
209, 3.909196875410275e-01, 1.931032050318336e-01, 1.650479562225550e-07, 6.873822959822858e-05, 3.640654364113755e-05, 3.870522150181992e-04, 3.190730050206210e-05, 2.122913526265851e+00, 1.558080008537466e-01, 6.547876401427655e+03, 3.017283554769683e+02, 3.148152002488938e-04, 1.311124355065690e-01, 6.944244320905156e-02, 7.382697936194169e-01, 6.086051246471356e-02, 3.949843384078839e+02, 2.336130869792101e+03, 3.633542158990645e+03, 4.049280355712381e+03, 2.971907566247640e+02, 3.902097468548744e+00, -3.207911630950702e-03
210, 3.971696875410292e-01, 1.931032050318336e-01, 1.655068735660459e-07, 7.266561495166837e-05, 3.842049160576755e-05, 4.085912838332200e-04, 3.358289696615214e-05, 2.239353885149609e+00, 1.369230627220688e-01, 6.906685035974675e+03, 3.138249266217670e+02, 2.990588355141799e-04, 1.313014603027699e-01, 6.942302293516568e-02, 7.382946152725509e-01, 6.068184265399927e-02, 4.222925526133365e+02, 2.365734131752964e+03, 3.599521682412267e+03, 4.046348956798777e+03, 2.474099764585094e+02, 3.871292170443700e+00, -2.079243316164824e-03
211, 4.034196875410310e-01, 1.931032050318336e-01, 1.678069205298035e-07, 7.780760099206104e-05, 4.106681784275510e-05, 4.368837088849049e-04, 3.580078978387080e-05, 2.389798757307960e+00, 1.297283386232203e-01, 7.376760786221011e+03, 3.304516065919244e+02, 2.835885445145578e-04, 1.314924572111978e-01, 6.940166152326822e-02, 7.383200569656330e-01, 6.050223575538645e-02, 4.594332384971889e+02, 2.406869271368193e+03, 3.564840774013125e+03, 4.038686540030370e+03, 2.192369099933319e+02, 3.828957872109958e+00, -5.441918100085114e-04
212, 4.096696875410328e-01, 1.931032050318336e-01, 1.656432848659292e-07, 8.081928925807203e-05, 4.258709341143010e-05, 4.532079795446855e-04, 3.703720425245960e-05, 2.478429924603319e+00, 1.149926838657076e-01, 7.649105691630840e+03, 3.378954845725509e+02, 2.698576746210574e-04, 1.316667046379972e-01, 6.938074191284128e-02, 7.383435530068538e-01, 6.033914276768663e-02, 4.796310254832445e+02, 2.421943558656933e+03, 3.532635087580203e+03, 4.037732871006733e+03, 1.873402733563942e+02, 3.814309715418895e+00, 2.905973866942032e-04
213, 4.159196875410346e-01, 1.931032050318336e-01, 1.610281983038599e-07, 8.218482141400368e-05, 4.325803852175981e-05, 4.604527165691487e-04, 3.755738302197727e-05, 2.519549562543650e+00, 9.470793535034171e-02, 7.770857901397874e+03, 3.388175900755272e+02, 2.582177460310911e-04, 1.317879698526261e-01, 6.936669057016444e-02, 7.383617520331431e-01, 6.022536979803539e-02, 4.876168347207711e+02, 2.423376494183578e+03, 3.503502609296459e+03, 4.040239013455123e+03, 1.518694853138485e+02, 3.813934850154108e+00, 6.206566789829322e-04
214, 4.221696875410363e-01, 1.931032050318336e-01, 1.583377817457416e-07, 8.468937856158978e-05, 4.451804979358942e-05, 4.740000052029093e-04, 3.857865125687191e-05, 2.593032411769799e+00, 7.925759103572740e-02, 7.996686161143581e+03, 3.441122382698969e+02, 2.466534113736126e-04, 1.319263406308849e-01, 6.934876015202542e-02, 7.383816861988597e-01, 6.009655960685632e-02, 5.045371923379693e+02, 2.435622810522849e+03, 3.473959295591176e+03, 4.039340977963197e+03, 1.234648798958723e+02, 3.802342582339753e+00, 1.319987340947793e-03
215, 4.284196875410382e-01, 1.931032050318336e-01, 1.563104675279527e-07, 8.780546683676467e-05, 4.609060227571606e-05, 4.909029101240894e-04, 3.986194401650247e-05, 2.683755202490432e+00, 6.642027110823091e-02, 8.277867036617712e+03, 3.514257074089700e+02, 2.351179536264015e-04, 1.320745949159108e-01, 6.932823028334180e-02, 7.384028048984043e-01, 5.995925194871687e-02, 5.262592929496363e+02, 2.452813631382007e+03, 3.443655391550428e+03, 4.036831577711960e+03, 9.990756517624368e+01, 3.785777241710755e+00, 2.217777526220480e-03
216, 4.346696875410363e-01, 1.931032050318336e-01, 1.542839995630354e-07, 9.100428314300946e-05, 4.770105118711237e-05, 5.082294527750933e-04, 4.117338417162184e-05, 2.776535912397782e+00, 5.642013077913042e-02, 8.566001126533589e+03, 3.588281705589827e+02, 2.241644860623356e-04, 1.322232274117916e-01, 6.930648449791739e-02, 7.384239091917238e-01, 5.982221441250486e-02, 5.486085688857087e+02, 2.469607613678278e+03, 3.414072588777488e+03, 4.034123743220528e+03, 8.197473267152515e+01, 3.769720621509848e+00, 3.141489322886212e-03
217, 4.409196875410418e-01, 1.931032050318336e-01, 1.518858615084160e-07, 9.396178859323569e-05, 4.918451240045640e-05, 5.242088165592621e-04, 4.237599407891590e-05, 2.862127869360202e+00, 4.818221793215201e-02, 8.831701694883026e+03, 3.651559760091749e+02, 2.139590073923876e-04, 1.323623596071719e-01, 6.928537882176164e-02, 7.384439666962889e-01, 5.969433586738519e-02, 5.692272704606454e+02, 2.484127058521942e+03, 3.385588008729043e+03, 4.031830427642971e+03, 6.787346379936567e+01, 3.756069220656081e+00, 3.993675225068351e-03
218, 4.471696875410653e-01, 1.931032050318336e-01, 1.488876530912868e-07, 9.621250181766450e-05, 5.030401188536089e-05, 5.362963473878852e-04, 4.327288231282510e-05, 2.927299885879933e+00, 3.975091659735803e-02, 9.032936018841188e+03, 3.689886722217910e+02, 2.050131551488028e-04, 1.324812914493690e-01, 6.926688667016302e-02, 7.384615445940096e-01, 5.958526413130945e-02, 5.845364418955314e+02, 2.493282652342325e+03, 3.359732039674062e+03, 4.030790822547369e+03, 5.473563900348834e+01, 3.747811367141059e+00, 4.626414392638334e-03
219, 4.534196875410852e-01, 1.931032050318336e-01, 1.472317154221453e-07, 1.001155552356938e-04, 5.226981070051997e-05, 5.574607054518628e-04, 4.487988482923267e-05, 3.038934959955777e+00, 3.693870288533735e-02, 9.383155697278024e+03, 3.781390837728693e+02, 1.950416543808488e-04, 1.326256606223711e-01, 6.924316764205680e-02, 7.384825880205187e-01, 5.945354206067262e-02, 6.135750916775536e+02, 2.517584856499181e+03, 3.330354842796965e+03, 4.025755595159097e+03, 4.893365332857610e+01, 3.724704668304819e+00, 5.826602865840951e-03
220, 4.596696875411051e-01, 1.931032050318336e-01, 1.422739475558935e-07, 1.012588751151756e-04, 5.281676547628208e-05, 5.634309771068394e-04, 4.529255787981355e-05, 3.072228342351065e+00, 2.872730635652515e-02, 9.483063040607938e+03, 3.772256297604835e+02, 1.864808205719424e-04, 1.327216854951713e-01, 6.922780969512031e-02, 7.384983178684731e-01, 5.936570612066324e-02, 6.205151504925306e+02, 2.518960935295506e+03, 3.303533501609089e+03, 4.026820595815210e+03, 3.765335645924781e+01, 3.724399941872395e+00, 6.113440534107480e-03
221, 4.659196875411250e-01, 1.931032050318336e-01, 1.388147198972964e-07, 1.030797856824470e-04, 5.371741567171382e-05, 5.731779716907127e-04, 4.601028204720691e-05, 3.124322223998532e+00, 1.936519563142792e-02, 9.644459265502446e+03, 3.791639345805772e+02, 1.788563060022919e-04, 1.328135064084762e-01, 6.921239002708585e-02, 7.385131402082936e-01, 5.928210705014193e-02, 6.336980569648891e+02, 2.528612716369883e+03, 3.279128615000688e+03, 4.025543776327757e+03, 2.495115329420028e+01, 3.715861529191869e+00, 6.658299627426217e-03
222, 4.721696875411232e-01, 1.931032050318336e-01, 1.352530326942311e-07, 1.044137498773198e-04, 5.437662710703991e-05, 5.803132548159094e-04, 4.653446162749588e-05, 3.162386921125731e+00, 1.232436240002466e-02, 9.762249044854094e+03, 3.796593172895102e+02, 1.721272849269864e-04, 1.328802387452500e-01, 6.920141457072977e-02, 7.385249925184517e-01, 5.922122688064163e-02, 6.436902986981650e+02, 2.536823441899023e+03, 3.256839471814401e+03, 4.024553562895462e+03, 1.568437317903456e+01, 3.708778553509761e+00, 7.071286231133818e-03
223, 4.784196875411215e-01, 1.931032050318336e-01, 1.322671471677566e-07, 1.057311200510770e-04, 5.502976193946036e-05, 5.873786869015021e-04, 4.705705689295375e-05, 3.199903222524915e+00, 6.776533772832230e-03, 9.878801408492989e+03, 3.805152673470088e+02, 1.663049693569206e-04, 1.329401219931482e-01, 6.919120181410815e-02, 7.385355820986170e-01, 5.916678912476975e-02, 6.536813428077376e+02, 2.545137790077329e+03, 3.237178349461677e+03, 4.023371024190689e+03, 8.520416940781564e+00, 3.701509852189664e+00, 7.484223336184469e-03
